***n m*** 
30 15 
***h*** 
6 7 11 15 6 11 11 15 10 12 7 10 9 7 14 15 15 5 7 13 10 9 10 7 6 12 10 8 8 5 
***d*** 
1268.08 822.73 219.07 1383.77 1867.54 1329.98 903.17 1582.35 1527.41 1342.43 1268.48 1508.65 874.42 1223.65 226.87 894.58 1607.2 1117.28 1290.28 1565.94 1957.86 1316.29 1292.29 1845.38 1209.49 222.96 887.5 1952.86 1498.36 1750.32 
***M*** 
15 5 8 12 4 13 6 
15 2 9 3 4 14 8 6 
4 3 5 2 6 14 1 10 
1 7 12 6 9 3 11 4 
10 15 2 12 3 8 
7 5 1 3 12 9 2 13 4 
1 9 3 12 11 14 6 10 4 8 
5 15 4 1 14 7 9 10 2 
1 10 11 9 4 3 5 2 8 15 
2 4 13 7 3 
11 4 2 15 9 3 6 7 
14 2 7 6 9 10 12 
8 5 13 14 9 
3 6 9 5 8 1 11 
3 12 1 15 8 
15 4 10 8 6 9 
13 15 6 9 10 2 3 14 
6 5 14 4 2 8 10 
3 8 15 2 10 6 5 14 
8 15 1 12 4 3 
13 11 1 12 6 4 3 14 2 
13 2 11 5 6 1 7 
4 14 6 3 2 
13 12 7 2 10 14 9 15 4 1 
4 13 12 3 6 14 
13 12 2 14 7 6 11 9 
8 6 13 12 10 
1 13 4 12 9 6 10 
8 1 3 7 9 6 14 
12 13 5 8 11 4 9 7 1 14 
4 13 9 12 7 
13 2 6 9 1 14 12 10 
13 1 9 6 2 
5 15 1 14 2 12 6 9 4 
5 15 1 6 14 8 9 13 2 11 
5 9 8 3 13 1 2 4 
4 6 11 5 14 1 13 8 9 
13 15 7 2 5 1 
15 8 13 5 6 4 10 14 
11 2 1 7 3 8 10 
13 2 10 6 8 7 4 14 15 1 
12 5 11 10 1 9 6 8 4 13 
12 1 3 11 6 13 14 2 
8 14 4 7 1 3 13 
5 4 14 3 13 15 
5 14 12 13 11 2 9 4 
10 15 2 3 8 
9 7 13 3 15 10 1 6 2 
3 6 1 13 15 
15 12 3 9 11 
8 6 14 13 12 15 
7 5 15 3 14 13 1 
10 15 3 14 9 2 7 
7 13 4 2 15 
3 5 13 11 4 14 1 15 
2 14 3 9 12 6 10 
7 2 15 14 8 12 13 4 
12 6 5 13 3 14 
3 14 10 2 5 7 8 12 1 
1 8 6 5 15 13 10 
15 11 4 9 8 12 2 5 
3 12 6 5 9 10 13 4 
2 3 11 1 9 7 5 14 15 8 
4 8 6 10 11 3 9 14 12 15 
7 3 5 1 13 12 11 15 2 
1 11 10 4 6 2 
11 6 1 9 3 
3 4 15 9 13 14 6 2 8 
1 7 6 10 4 15 
4 8 7 12 6 1 13 
10 15 1 14 5 12 11 3 
12 8 14 6 3 5 13 1 7 4 
4 14 2 13 3 
12 9 7 3 11 4 1 6 
3 1 2 14 15 5 12 
10 7 2 13 1 3 5 12 
11 8 13 4 15 12 9 10 1 
14 3 7 12 8 2 10 6 5 1 
2 3 1 13 10 9 5 8 11 6 
2 6 9 8 12 13 7 3 14 
10 5 8 6 9 
13 5 15 1 3 7 12 4 6 
10 3 11 5 15 2 8 
10 9 5 7 12 14 11 15 
12 3 4 1 10 
4 7 5 2 9 
4 13 11 9 10 12 
14 6 13 7 1 10 15 
13 12 14 1 5 
7 8 14 12 10 11 6 2 15 
6 8 4 9 1 3 12 
5 13 3 9 10 
6 7 8 15 3 12 10 4 14 1 
11 5 14 8 2 3 7 1 9 13 
2 13 10 3 11 12 8 4 
14 13 1 11 12 2 6 10 
10 9 13 7 11 14 8 3 1 
15 1 14 11 13 8 10 3 
4 13 12 10 11 14 2 15 7 
13 14 3 15 7 
13 15 3 7 9 8 12 5 4 
12 6 10 15 14 9 5 
8 4 13 3 1 
10 6 2 5 9 13 
13 7 8 14 4 10 5 15 
10 15 9 1 6 4 7 12 
3 11 2 10 1 6 9 7 5 14 
14 8 15 9 10 7 5 
4 15 1 6 2 13 11 12 7 14 
4 14 12 7 15 2 11 
7 14 3 4 15 10 
3 6 5 15 10 4 9 
11 4 5 2 15 1 
9 1 12 6 7 13 10 3 8 2 
2 8 13 4 3 9 11 10 1 
12 14 15 2 5 8 3 10 13 11 
7 2 1 8 11 6 
1 11 7 15 10 8 5 13 9 
3 9 6 10 1 13 4 7 
8 7 2 5 13 6 10 9 
13 1 15 14 9 5 
9 1 4 14 15 10 2 
5 15 1 11 13 
15 5 10 4 2 11 
4 14 7 5 2 1 6 13 8 
14 6 12 10 1 
4 14 11 10 5 1 2 3 9 
2 8 7 3 1 11 12 13 15 10 
3 15 7 1 6 12 11 9 14 
9 5 14 12 3 1 7 10 4 
5 14 13 15 3 9 8 10 
4 7 8 12 15 13 3 5 
7 9 12 2 6 
6 5 9 2 3 11 13 14 4 7 
11 14 10 2 8 7 12 4 3 6 
7 4 14 2 3 15 
3 1 12 9 4 15 7 10 5 2 
10 4 14 7 1 12 2 13 
6 9 2 7 3 11 13 5 10 
5 2 7 10 12 14 9 15 3 11 
11 15 9 7 14 4 1 3 12 10 
8 9 15 4 6 1 3 14 5 
15 11 1 9 6 13 
6 11 14 10 5 3 9 7 
13 5 2 1 11 12 3 
9 7 11 2 3 14 13 10 12 4 
6 7 10 13 1 
12 2 11 1 3 8 7 10 13 5 
13 3 8 1 10 11 
13 9 2 1 4 
6 13 4 2 5 12 14 3 11 
2 15 10 11 14 12 1 3 13 8 
1 13 14 5 11 12 8 9 3 7 
7 4 8 2 3 11 15 12 10 13 
13 5 4 2 10 1 
5 4 8 6 1 7 14 9 2 
6 10 12 3 11 
15 4 14 9 5 7 13 8 2 6 
2 15 10 3 7 4 6 13 
10 11 4 15 2 5 9 12 14 7 
13 15 5 3 1 11 
9 2 6 14 13 1 3 11 
12 11 2 8 7 5 1 4 
11 12 3 4 6 
3 7 9 6 10 5 
1 8 2 6 15 12 4 
14 1 2 7 9 3 15 8 
14 1 2 4 6 9 
13 10 6 5 14 11 12 7 2 15 
4 5 14 11 7 2 12 6 1 
7 3 13 15 9 14 
2 5 14 6 13 4 7 11 15 9 
10 5 6 11 15 12 
13 2 3 6 4 12 
13 12 11 9 5 
4 10 5 2 6 7 9 
3 8 13 11 2 1 5 10 
9 1 12 13 11 
9 14 8 12 4 11 1 7 5 
5 15 4 8 7 9 12 3 2 
1 11 6 14 8 4 9 5 2 
3 10 6 9 1 
9 8 1 13 6 10 
5 10 3 13 2 4 1 7 6 
10 9 8 11 7 
5 12 11 7 13 6 8 14 
3 8 15 10 5 7 11 9 6 
13 9 8 6 1 3 4 7 12 
12 7 9 15 6 
6 8 3 13 12 7 5 
11 14 4 3 9 1 5 15 10 12 
8 14 9 3 2 
3 4 15 14 6 11 5 1 9 
2 9 15 10 14 8 4 3 13 
1 10 8 6 14 13 
9 13 15 7 2 12 5 1 8 
13 11 3 9 14 
8 14 12 4 5 10 15 13 11 
11 5 15 12 1 14 3 
5 12 3 6 1 14 10 
4 11 8 14 3 1 10 5 15 7 
6 13 15 12 5 2 8 11 
11 6 10 8 7 15 9 
12 13 15 2 8 4 14 7 9 1 
8 11 7 14 4 
4 14 5 6 7 2 3 
13 9 10 1 6 14 5 
4 14 13 8 2 7 9 3 1 12 
11 7 1 5 10 4 15 14 12 2 
7 4 6 9 2 
10 15 2 9 6 14 12 
11 4 13 1 12 14 15 7 
14 6 2 8 11 
5 9 8 12 1 7 2 13 6 
8 7 3 2 11 15 1 14 
2 12 3 11 8 
1 8 12 2 15 13 9 
9 12 14 2 3 7 5 10 1 15 
7 1 12 10 8 14 3 
9 10 13 14 2 4 1 7 5 8 
6 12 8 3 10 
9 2 11 6 5 14 
14 6 9 3 2 4 
9 7 3 5 2 6 
12 2 7 14 1 11 5 9 
7 10 14 5 15 
12 4 7 15 13 6 3 2 11 
14 4 1 13 6 
7 14 1 3 5 6 4 
4 5 15 3 13 7 6 2 
1 10 14 5 13 2 
4 9 11 13 3 7 10 
12 10 15 4 1 
11 14 1 6 13 4 3 
1 3 12 8 7 13 
7 13 15 4 11 6 1 5 2 
8 11 1 7 9 13 
11 14 6 2 8 12 3 4 1 
1 4 13 5 2 12 15 
5 15 12 13 9 10 14 6 11 
3 7 5 6 9 11 2 13 
14 15 13 6 11 1 5 
11 9 10 4 5 13 15 8 6 
2 5 13 6 1 9 12 
6 14 5 11 1 12 8 2 13 
4 3 5 12 10 
11 9 14 7 2 1 12 10 4 
4 6 10 13 5 1 14 3 8 
5 10 12 6 14 9 
13 2 1 7 8 6 14 11 5 
10 12 1 7 4 8 2 14 
12 2 10 5 7 11 1 14 6 4 
14 12 7 4 8 
10 4 9 13 14 3 15 7 
5 9 11 2 4 8 15 6 1 
6 12 9 10 3 8 
15 10 4 5 13 7 9 6 12 
13 8 12 15 11 7 9 1 
12 10 5 3 14 1 6 8 15 11 
1 15 14 10 5 9 3 
15 1 11 5 9 6 7 10 14 
9 2 12 10 3 
1 6 3 2 15 13 8 4 
13 2 4 5 15 1 14 8 9 12 
1 2 3 7 9 15 
8 9 1 6 13 
14 11 10 4 6 15 1 
3 10 5 4 6 13 2 15 
9 7 8 3 5 14 2 1 13 
2 3 15 8 11 14 7 10 
1 11 5 9 14 10 8 
4 2 3 12 11 1 14 
6 14 1 7 8 2 9 
5 7 8 1 15 3 12 9 13 14 
8 13 5 10 14 
8 2 13 1 4 11 6 12 5 
3 1 13 7 10 
4 6 5 13 2 9 3 1 15 7 
13 4 15 14 7 
4 1 14 8 6 7 
11 10 6 13 8 
12 3 8 2 10 9 
1 4 6 13 12 7 8 10 3 2 
6 15 12 10 4 8 7 14 
6 5 1 14 10 3 12 2 8 9 
7 6 12 13 1 9 8 11 2 
7 6 1 9 12 14 15 13 11 3 
8 11 14 9 7 
13 2 1 12 10 4 5 6 
9 13 12 7 14 
10 15 4 2 9 14 
***P*** 
-1.0 -1.0 -1.0 95.0 61.0 36.0 -1.0 13.0 -1.0 -1.0 -1.0 36.0 37.0 -1.0 94.0 
-1.0 16.0 48.0 48.0 -1.0 34.0 -1.0 90.0 61.0 -1.0 -1.0 -1.0 -1.0 15.0 62.0 
84.0 38.0 57.0 71.0 77.0 34.0 -1.0 -1.0 -1.0 44.0 -1.0 -1.0 -1.0 43.0 -1.0 
17.0 -1.0 22.0 92.0 -1.0 86.0 21.0 -1.0 87.0 -1.0 44.0 20.0 -1.0 -1.0 -1.0 
-1.0 80.0 80.0 -1.0 -1.0 -1.0 -1.0 86.0 -1.0 95.0 -1.0 49.0 -1.0 -1.0 81.0 
16.0 78.0 89.0 77.0 20.0 -1.0 88.0 -1.0 63.0 -1.0 -1.0 67.0 96.0 -1.0 -1.0 
32.0 -1.0 96.0 86.0 -1.0 88.0 -1.0 74.0 47.0 89.0 52.0 80.0 -1.0 30.0 -1.0 
37.0 27.0 -1.0 79.0 91.0 -1.0 29.0 -1.0 89.0 78.0 -1.0 -1.0 -1.0 76.0 39.0 
77.0 40.0 11.0 71.0 72.0 -1.0 -1.0 71.0 35.0 41.0 23.0 -1.0 -1.0 -1.0 74.0 
-1.0 13.0 77.0 82.0 -1.0 -1.0 30.0 -1.0 -1.0 -1.0 -1.0 -1.0 46.0 -1.0 -1.0 
-1.0 35.0 79.0 28.0 -1.0 96.0 11.0 -1.0 60.0 -1.0 61.0 -1.0 -1.0 -1.0 15.0 
-1.0 76.0 -1.0 -1.0 -1.0 29.0 12.0 -1.0 64.0 83.0 -1.0 38.0 -1.0 43.0 -1.0 
-1.0 -1.0 -1.0 -1.0 21.0 -1.0 -1.0 33.0 23.0 -1.0 -1.0 -1.0 14.0 48.0 -1.0 
51.0 -1.0 15.0 -1.0 65.0 41.0 -1.0 29.0 82.0 -1.0 86.0 -1.0 -1.0 -1.0 -1.0 
52.0 -1.0 10.0 -1.0 -1.0 -1.0 -1.0 61.0 -1.0 -1.0 -1.0 59.0 -1.0 -1.0 63.0 
-1.0 -1.0 -1.0 71.0 -1.0 13.0 -1.0 84.0 48.0 40.0 -1.0 -1.0 -1.0 -1.0 22.0 
-1.0 81.0 32.0 -1.0 -1.0 39.0 -1.0 -1.0 27.0 30.0 -1.0 -1.0 39.0 50.0 41.0 
-1.0 22.0 -1.0 44.0 85.0 17.0 -1.0 29.0 -1.0 19.0 -1.0 -1.0 -1.0 53.0 -1.0 
-1.0 11.0 19.0 -1.0 35.0 37.0 -1.0 14.0 -1.0 49.0 -1.0 -1.0 -1.0 17.0 52.0 
45.0 -1.0 52.0 100.0 -1.0 -1.0 -1.0 19.0 -1.0 -1.0 -1.0 95.0 -1.0 -1.0 66.0 
90.0 72.0 41.0 34.0 -1.0 89.0 -1.0 -1.0 -1.0 -1.0 39.0 56.0 76.0 95.0 -1.0 
36.0 17.0 -1.0 -1.0 83.0 14.0 74.0 -1.0 -1.0 -1.0 14.0 -1.0 83.0 -1.0 -1.0 
-1.0 12.0 75.0 10.0 -1.0 82.0 -1.0 -1.0 -1.0 -1.0 -1.0 -1.0 -1.0 65.0 -1.0 
32.0 46.0 -1.0 79.0 -1.0 -1.0 82.0 -1.0 27.0 49.0 -1.0 37.0 35.0 85.0 92.0 
-1.0 -1.0 97.0 80.0 -1.0 54.0 -1.0 -1.0 -1.0 -1.0 -1.0 66.0 96.0 63.0 -1.0 
-1.0 73.0 -1.0 -1.0 -1.0 92.0 85.0 -1.0 12.0 -1.0 40.0 41.0 18.0 50.0 -1.0 
-1.0 -1.0 -1.0 -1.0 -1.0 65.0 -1.0 21.0 -1.0 57.0 -1.0 46.0 45.0 -1.0 -1.0 
23.0 -1.0 -1.0 97.0 -1.0 61.0 -1.0 -1.0 57.0 42.0 -1.0 26.0 56.0 -1.0 -1.0 
77.0 -1.0 41.0 -1.0 -1.0 64.0 43.0 83.0 50.0 -1.0 -1.0 -1.0 -1.0 81.0 -1.0 
35.0 -1.0 -1.0 15.0 69.0 -1.0 28.0 34.0 93.0 -1.0 85.0 76.0 57.0 61.0 -1.0 
-1.0 -1.0 -1.0 40.0 -1.0 -1.0 33.0 -1.0 78.0 -1.0 -1.0 53.0 95.0 -1.0 -1.0 
62.0 84.0 -1.0 -1.0 -1.0 86.0 -1.0 -1.0 74.0 84.0 -1.0 45.0 33.0 16.0 -1.0 
72.0 21.0 -1.0 -1.0 -1.0 48.0 -1.0 -1.0 26.0 -1.0 -1.0 -1.0 71.0 -1.0 -1.0 
27.0 21.0 -1.0 89.0 54.0 13.0 -1.0 -1.0 17.0 -1.0 -1.0 52.0 -1.0 66.0 12.0 
46.0 91.0 -1.0 -1.0 55.0 92.0 -1.0 10.0 13.0 -1.0 50.0 -1.0 23.0 14.0 67.0 
87.0 12.0 80.0 10.0 74.0 -1.0 -1.0 45.0 56.0 -1.0 -1.0 -1.0 54.0 -1.0 -1.0 
98.0 -1.0 -1.0 76.0 62.0 39.0 -1.0 89.0 37.0 -1.0 47.0 -1.0 85.0 53.0 -1.0 
30.0 64.0 -1.0 -1.0 82.0 -1.0 38.0 -1.0 -1.0 -1.0 -1.0 -1.0 54.0 -1.0 94.0 
-1.0 -1.0 -1.0 94.0 42.0 34.0 -1.0 88.0 -1.0 24.0 -1.0 -1.0 95.0 68.0 64.0 
10.0 55.0 24.0 -1.0 -1.0 -1.0 66.0 46.0 -1.0 40.0 10.0 -1.0 -1.0 -1.0 -1.0 
33.0 53.0 -1.0 27.0 -1.0 22.0 27.0 92.0 -1.0 35.0 -1.0 -1.0 47.0 79.0 12.0 
42.0 -1.0 -1.0 27.0 29.0 65.0 -1.0 32.0 77.0 85.0 45.0 69.0 58.0 -1.0 -1.0 
41.0 70.0 58.0 -1.0 -1.0 80.0 -1.0 -1.0 -1.0 -1.0 87.0 10.0 49.0 40.0 -1.0 
46.0 -1.0 53.0 47.0 -1.0 -1.0 53.0 78.0 -1.0 -1.0 -1.0 -1.0 78.0 25.0 -1.0 
-1.0 -1.0 21.0 26.0 57.0 -1.0 -1.0 -1.0 -1.0 -1.0 -1.0 -1.0 67.0 91.0 35.0 
-1.0 34.0 -1.0 53.0 48.0 -1.0 -1.0 -1.0 32.0 -1.0 78.0 51.0 22.0 56.0 -1.0 
-1.0 79.0 13.0 -1.0 -1.0 -1.0 -1.0 59.0 -1.0 39.0 -1.0 -1.0 -1.0 -1.0 44.0 
21.0 99.0 32.0 -1.0 -1.0 82.0 32.0 -1.0 99.0 17.0 -1.0 -1.0 12.0 -1.0 34.0 
16.0 -1.0 29.0 -1.0 -1.0 65.0 -1.0 -1.0 -1.0 -1.0 -1.0 -1.0 91.0 -1.0 67.0 
-1.0 -1.0 50.0 -1.0 -1.0 -1.0 -1.0 -1.0 68.0 -1.0 21.0 94.0 -1.0 -1.0 94.0 
-1.0 -1.0 -1.0 -1.0 -1.0 80.0 -1.0 96.0 -1.0 -1.0 -1.0 29.0 45.0 26.0 20.0 
42.0 -1.0 30.0 -1.0 99.0 -1.0 21.0 -1.0 -1.0 -1.0 -1.0 -1.0 42.0 45.0 98.0 
-1.0 49.0 54.0 -1.0 -1.0 -1.0 58.0 -1.0 19.0 82.0 -1.0 -1.0 -1.0 64.0 82.0 
-1.0 68.0 -1.0 77.0 -1.0 -1.0 71.0 -1.0 -1.0 -1.0 -1.0 -1.0 75.0 -1.0 49.0 
92.0 -1.0 66.0 13.0 21.0 -1.0 -1.0 -1.0 -1.0 -1.0 92.0 -1.0 62.0 29.0 58.0 
-1.0 32.0 54.0 -1.0 -1.0 94.0 -1.0 -1.0 78.0 10.0 -1.0 97.0 -1.0 79.0 -1.0 
-1.0 87.0 -1.0 98.0 -1.0 -1.0 24.0 11.0 -1.0 -1.0 -1.0 85.0 41.0 35.0 81.0 
-1.0 -1.0 75.0 -1.0 82.0 11.0 -1.0 -1.0 -1.0 -1.0 -1.0 60.0 42.0 12.0 -1.0 
13.0 96.0 11.0 -1.0 37.0 -1.0 53.0 92.0 -1.0 53.0 -1.0 87.0 -1.0 47.0 -1.0 
33.0 -1.0 -1.0 -1.0 100.0 67.0 -1.0 63.0 -1.0 65.0 -1.0 -1.0 19.0 -1.0 34.0 
-1.0 62.0 -1.0 22.0 57.0 -1.0 -1.0 21.0 33.0 -1.0 62.0 80.0 -1.0 -1.0 34.0 
-1.0 -1.0 80.0 66.0 64.0 67.0 -1.0 -1.0 41.0 46.0 -1.0 29.0 29.0 -1.0 -1.0 
52.0 96.0 74.0 -1.0 75.0 -1.0 70.0 22.0 69.0 -1.0 80.0 -1.0 -1.0 48.0 67.0 
-1.0 -1.0 86.0 32.0 -1.0 37.0 -1.0 79.0 63.0 30.0 76.0 52.0 -1.0 12.0 26.0 
51.0 26.0 70.0 -1.0 65.0 -1.0 37.0 -1.0 -1.0 -1.0 54.0 66.0 75.0 -1.0 95.0 
42.0 24.0 -1.0 17.0 -1.0 48.0 -1.0 -1.0 -1.0 48.0 24.0 -1.0 -1.0 -1.0 -1.0 
42.0 -1.0 35.0 -1.0 -1.0 91.0 -1.0 -1.0 87.0 -1.0 94.0 -1.0 -1.0 -1.0 -1.0 
-1.0 21.0 72.0 100.0 -1.0 12.0 -1.0 20.0 54.0 -1.0 -1.0 -1.0 51.0 89.0 87.0 
22.0 -1.0 -1.0 21.0 -1.0 25.0 90.0 -1.0 -1.0 97.0 -1.0 -1.0 -1.0 -1.0 10.0 
96.0 -1.0 -1.0 79.0 -1.0 59.0 78.0 66.0 -1.0 -1.0 -1.0 52.0 80.0 -1.0 -1.0 
68.0 -1.0 48.0 -1.0 92.0 -1.0 -1.0 -1.0 -1.0 64.0 17.0 15.0 -1.0 100.0 39.0 
85.0 -1.0 93.0 96.0 25.0 36.0 68.0 19.0 -1.0 -1.0 -1.0 88.0 21.0 76.0 -1.0 
-1.0 81.0 58.0 21.0 -1.0 -1.0 -1.0 -1.0 -1.0 -1.0 -1.0 -1.0 18.0 29.0 -1.0 
75.0 -1.0 63.0 52.0 -1.0 94.0 75.0 -1.0 80.0 -1.0 54.0 63.0 -1.0 -1.0 -1.0 
12.0 30.0 96.0 -1.0 45.0 -1.0 -1.0 -1.0 -1.0 -1.0 -1.0 79.0 -1.0 80.0 23.0 
82.0 58.0 43.0 -1.0 86.0 -1.0 18.0 -1.0 -1.0 38.0 -1.0 73.0 14.0 -1.0 -1.0 
81.0 -1.0 -1.0 32.0 -1.0 -1.0 -1.0 60.0 75.0 44.0 25.0 43.0 36.0 -1.0 93.0 
56.0 82.0 97.0 -1.0 39.0 65.0 47.0 50.0 -1.0 70.0 -1.0 16.0 -1.0 95.0 -1.0 
23.0 31.0 48.0 -1.0 83.0 76.0 -1.0 51.0 12.0 60.0 79.0 -1.0 93.0 -1.0 -1.0 
-1.0 42.0 50.0 -1.0 -1.0 68.0 65.0 58.0 100.0 -1.0 -1.0 34.0 39.0 57.0 -1.0 
-1.0 -1.0 -1.0 -1.0 34.0 88.0 -1.0 27.0 83.0 70.0 -1.0 -1.0 -1.0 -1.0 -1.0 
42.0 -1.0 83.0 44.0 31.0 79.0 39.0 -1.0 -1.0 -1.0 -1.0 29.0 32.0 -1.0 14.0 
-1.0 15.0 57.0 -1.0 12.0 -1.0 -1.0 51.0 -1.0 65.0 29.0 -1.0 -1.0 -1.0 44.0 
-1.0 -1.0 -1.0 -1.0 23.0 -1.0 71.0 -1.0 38.0 64.0 61.0 15.0 -1.0 34.0 46.0 
97.0 -1.0 77.0 66.0 -1.0 -1.0 -1.0 -1.0 -1.0 92.0 -1.0 77.0 -1.0 -1.0 -1.0 
-1.0 98.0 -1.0 14.0 55.0 -1.0 99.0 -1.0 41.0 -1.0 -1.0 -1.0 -1.0 -1.0 -1.0 
-1.0 -1.0 -1.0 23.0 -1.0 -1.0 -1.0 -1.0 18.0 16.0 28.0 47.0 92.0 -1.0 -1.0 
44.0 -1.0 -1.0 -1.0 -1.0 67.0 25.0 -1.0 -1.0 69.0 -1.0 -1.0 55.0 28.0 52.0 
43.0 -1.0 -1.0 -1.0 22.0 -1.0 -1.0 -1.0 -1.0 -1.0 -1.0 11.0 33.0 90.0 -1.0 
-1.0 61.0 -1.0 -1.0 -1.0 92.0 14.0 47.0 -1.0 20.0 22.0 34.0 -1.0 84.0 30.0 
45.0 -1.0 89.0 51.0 -1.0 82.0 -1.0 45.0 54.0 -1.0 -1.0 87.0 -1.0 -1.0 -1.0 
-1.0 -1.0 93.0 -1.0 14.0 -1.0 -1.0 -1.0 40.0 27.0 -1.0 -1.0 44.0 -1.0 -1.0 
30.0 -1.0 28.0 81.0 -1.0 100.0 91.0 28.0 -1.0 37.0 -1.0 51.0 -1.0 17.0 21.0 
12.0 62.0 41.0 -1.0 63.0 -1.0 25.0 14.0 37.0 -1.0 83.0 -1.0 89.0 65.0 -1.0 
-1.0 74.0 36.0 43.0 -1.0 -1.0 -1.0 23.0 -1.0 80.0 61.0 81.0 52.0 -1.0 -1.0 
63.0 24.0 -1.0 -1.0 -1.0 31.0 -1.0 -1.0 -1.0 41.0 59.0 45.0 78.0 70.0 -1.0 
74.0 -1.0 31.0 -1.0 -1.0 -1.0 38.0 97.0 96.0 62.0 56.0 -1.0 66.0 50.0 -1.0 
88.0 -1.0 88.0 -1.0 -1.0 -1.0 -1.0 13.0 -1.0 51.0 94.0 -1.0 54.0 94.0 27.0 
-1.0 69.0 -1.0 15.0 -1.0 -1.0 39.0 -1.0 -1.0 94.0 81.0 21.0 100.0 36.0 19.0 
-1.0 -1.0 42.0 -1.0 -1.0 -1.0 36.0 -1.0 -1.0 -1.0 -1.0 -1.0 56.0 68.0 97.0 
-1.0 -1.0 52.0 79.0 47.0 -1.0 96.0 61.0 41.0 -1.0 -1.0 74.0 51.0 -1.0 59.0 
-1.0 -1.0 -1.0 -1.0 89.0 85.0 -1.0 -1.0 88.0 90.0 -1.0 80.0 -1.0 60.0 86.0 
56.0 -1.0 74.0 85.0 -1.0 -1.0 -1.0 22.0 -1.0 -1.0 -1.0 -1.0 86.0 -1.0 -1.0 
-1.0 86.0 -1.0 -1.0 42.0 61.0 -1.0 -1.0 35.0 51.0 -1.0 -1.0 85.0 -1.0 -1.0 
-1.0 -1.0 -1.0 57.0 35.0 -1.0 49.0 29.0 -1.0 71.0 -1.0 -1.0 75.0 59.0 97.0 
79.0 -1.0 -1.0 57.0 -1.0 81.0 41.0 -1.0 59.0 27.0 -1.0 22.0 -1.0 -1.0 23.0 
17.0 47.0 56.0 -1.0 99.0 96.0 39.0 -1.0 24.0 32.0 77.0 -1.0 -1.0 91.0 -1.0 
-1.0 -1.0 -1.0 -1.0 48.0 -1.0 23.0 61.0 95.0 67.0 -1.0 -1.0 -1.0 73.0 90.0 
21.0 42.0 -1.0 56.0 -1.0 76.0 51.0 -1.0 -1.0 -1.0 11.0 75.0 29.0 30.0 89.0 
-1.0 12.0 -1.0 84.0 -1.0 -1.0 39.0 -1.0 -1.0 -1.0 37.0 55.0 -1.0 96.0 42.0 
-1.0 -1.0 19.0 99.0 -1.0 -1.0 99.0 -1.0 -1.0 79.0 -1.0 -1.0 -1.0 54.0 44.0 
-1.0 -1.0 62.0 98.0 76.0 33.0 -1.0 -1.0 97.0 52.0 -1.0 -1.0 -1.0 -1.0 53.0 
45.0 96.0 -1.0 11.0 55.0 -1.0 -1.0 -1.0 -1.0 -1.0 76.0 -1.0 -1.0 -1.0 47.0 
19.0 30.0 77.0 -1.0 -1.0 49.0 83.0 99.0 60.0 52.0 -1.0 18.0 63.0 -1.0 -1.0 
26.0 29.0 91.0 74.0 -1.0 -1.0 -1.0 60.0 77.0 29.0 84.0 -1.0 30.0 -1.0 -1.0 
-1.0 55.0 10.0 -1.0 40.0 -1.0 -1.0 26.0 -1.0 83.0 44.0 63.0 85.0 84.0 23.0 
89.0 24.0 -1.0 -1.0 -1.0 88.0 95.0 42.0 -1.0 -1.0 54.0 -1.0 -1.0 -1.0 -1.0 
90.0 -1.0 -1.0 -1.0 89.0 -1.0 88.0 98.0 91.0 14.0 36.0 -1.0 12.0 -1.0 24.0 
95.0 -1.0 35.0 70.0 -1.0 10.0 55.0 -1.0 36.0 71.0 -1.0 -1.0 57.0 -1.0 -1.0 
-1.0 23.0 -1.0 -1.0 85.0 56.0 53.0 91.0 79.0 76.0 -1.0 -1.0 20.0 -1.0 -1.0 
26.0 -1.0 -1.0 -1.0 92.0 -1.0 -1.0 -1.0 34.0 -1.0 -1.0 -1.0 47.0 78.0 48.0 
69.0 89.0 -1.0 10.0 -1.0 -1.0 -1.0 -1.0 53.0 88.0 -1.0 -1.0 -1.0 79.0 41.0 
93.0 -1.0 -1.0 -1.0 95.0 -1.0 -1.0 -1.0 -1.0 -1.0 60.0 -1.0 50.0 -1.0 54.0 
-1.0 14.0 -1.0 84.0 66.0 -1.0 -1.0 -1.0 -1.0 51.0 51.0 -1.0 -1.0 -1.0 14.0 
13.0 91.0 -1.0 99.0 22.0 11.0 65.0 75.0 -1.0 -1.0 -1.0 -1.0 38.0 15.0 -1.0 
10.0 -1.0 -1.0 -1.0 -1.0 28.0 -1.0 -1.0 -1.0 70.0 -1.0 90.0 -1.0 62.0 -1.0 
70.0 82.0 84.0 27.0 44.0 -1.0 -1.0 -1.0 64.0 35.0 73.0 -1.0 -1.0 81.0 -1.0 
84.0 63.0 75.0 -1.0 -1.0 -1.0 54.0 29.0 -1.0 29.0 95.0 39.0 72.0 -1.0 75.0 
16.0 -1.0 38.0 -1.0 -1.0 23.0 56.0 -1.0 68.0 -1.0 17.0 89.0 -1.0 70.0 79.0 
32.0 -1.0 34.0 18.0 92.0 -1.0 87.0 -1.0 97.0 87.0 -1.0 59.0 -1.0 12.0 -1.0 
-1.0 -1.0 52.0 -1.0 71.0 -1.0 -1.0 64.0 54.0 70.0 -1.0 -1.0 68.0 44.0 48.0 
-1.0 -1.0 51.0 18.0 56.0 -1.0 43.0 31.0 -1.0 -1.0 -1.0 96.0 29.0 -1.0 56.0 
-1.0 53.0 -1.0 -1.0 -1.0 32.0 58.0 -1.0 58.0 -1.0 -1.0 40.0 -1.0 -1.0 -1.0 
-1.0 78.0 99.0 42.0 55.0 34.0 16.0 -1.0 49.0 -1.0 91.0 -1.0 15.0 93.0 -1.0 
-1.0 68.0 70.0 22.0 -1.0 49.0 32.0 99.0 -1.0 28.0 70.0 58.0 -1.0 48.0 -1.0 
-1.0 64.0 58.0 49.0 -1.0 -1.0 65.0 -1.0 -1.0 -1.0 -1.0 -1.0 -1.0 65.0 41.0 
13.0 43.0 95.0 28.0 54.0 -1.0 87.0 -1.0 72.0 33.0 -1.0 86.0 -1.0 -1.0 94.0 
92.0 50.0 -1.0 76.0 -1.0 -1.0 57.0 -1.0 -1.0 14.0 -1.0 46.0 60.0 33.0 -1.0 
-1.0 72.0 37.0 -1.0 76.0 89.0 10.0 -1.0 19.0 40.0 35.0 -1.0 62.0 -1.0 -1.0 
-1.0 64.0 38.0 -1.0 37.0 -1.0 87.0 -1.0 72.0 19.0 23.0 54.0 -1.0 19.0 57.0 
88.0 -1.0 17.0 78.0 -1.0 -1.0 39.0 -1.0 65.0 30.0 52.0 32.0 -1.0 56.0 10.0 
20.0 -1.0 33.0 32.0 34.0 16.0 -1.0 36.0 12.0 -1.0 -1.0 -1.0 -1.0 78.0 35.0 
32.0 -1.0 -1.0 -1.0 -1.0 38.0 -1.0 -1.0 53.0 -1.0 25.0 -1.0 51.0 -1.0 45.0 
-1.0 -1.0 71.0 -1.0 53.0 19.0 64.0 -1.0 41.0 26.0 93.0 -1.0 -1.0 51.0 -1.0 
100.0 21.0 26.0 -1.0 88.0 -1.0 -1.0 -1.0 -1.0 -1.0 53.0 86.0 79.0 -1.0 -1.0 
-1.0 37.0 85.0 32.0 -1.0 -1.0 42.0 -1.0 51.0 29.0 60.0 54.0 86.0 12.0 -1.0 
66.0 -1.0 -1.0 -1.0 -1.0 69.0 67.0 -1.0 -1.0 97.0 -1.0 -1.0 81.0 -1.0 -1.0 
75.0 58.0 51.0 -1.0 58.0 -1.0 99.0 29.0 -1.0 86.0 40.0 10.0 66.0 -1.0 -1.0 
31.0 -1.0 85.0 -1.0 -1.0 -1.0 -1.0 32.0 -1.0 20.0 53.0 -1.0 99.0 -1.0 -1.0 
73.0 79.0 -1.0 98.0 -1.0 -1.0 -1.0 -1.0 66.0 -1.0 -1.0 -1.0 30.0 -1.0 -1.0 
-1.0 84.0 48.0 24.0 67.0 13.0 -1.0 -1.0 -1.0 -1.0 97.0 76.0 50.0 12.0 -1.0 
46.0 89.0 89.0 -1.0 -1.0 -1.0 -1.0 18.0 -1.0 67.0 50.0 13.0 37.0 89.0 56.0 
82.0 -1.0 35.0 -1.0 59.0 -1.0 94.0 10.0 10.0 -1.0 18.0 37.0 47.0 24.0 -1.0 
-1.0 78.0 78.0 96.0 -1.0 -1.0 60.0 81.0 -1.0 59.0 74.0 16.0 22.0 -1.0 65.0 
33.0 45.0 -1.0 77.0 29.0 -1.0 -1.0 -1.0 -1.0 34.0 -1.0 -1.0 57.0 -1.0 -1.0 
75.0 32.0 -1.0 37.0 22.0 47.0 12.0 60.0 13.0 -1.0 -1.0 -1.0 -1.0 95.0 -1.0 
-1.0 -1.0 89.0 -1.0 -1.0 47.0 -1.0 -1.0 -1.0 80.0 45.0 50.0 -1.0 -1.0 -1.0 
-1.0 64.0 -1.0 47.0 78.0 79.0 56.0 50.0 51.0 -1.0 -1.0 -1.0 39.0 12.0 39.0 
-1.0 43.0 32.0 87.0 -1.0 56.0 45.0 -1.0 -1.0 90.0 -1.0 -1.0 41.0 -1.0 94.0 
-1.0 43.0 -1.0 36.0 32.0 -1.0 94.0 -1.0 83.0 12.0 38.0 99.0 -1.0 10.0 87.0 
28.0 -1.0 84.0 -1.0 32.0 -1.0 -1.0 -1.0 -1.0 -1.0 62.0 -1.0 66.0 -1.0 40.0 
61.0 97.0 82.0 -1.0 -1.0 67.0 -1.0 -1.0 89.0 -1.0 26.0 -1.0 51.0 21.0 -1.0 
18.0 94.0 -1.0 82.0 40.0 -1.0 100.0 84.0 -1.0 -1.0 65.0 93.0 -1.0 -1.0 -1.0 
-1.0 -1.0 37.0 90.0 -1.0 63.0 -1.0 -1.0 -1.0 -1.0 69.0 56.0 -1.0 -1.0 -1.0 
-1.0 -1.0 40.0 -1.0 89.0 98.0 83.0 -1.0 30.0 20.0 -1.0 -1.0 -1.0 -1.0 -1.0 
97.0 31.0 -1.0 94.0 -1.0 46.0 -1.0 28.0 -1.0 -1.0 -1.0 78.0 -1.0 -1.0 10.0 
52.0 98.0 93.0 -1.0 -1.0 -1.0 27.0 84.0 91.0 -1.0 -1.0 -1.0 -1.0 94.0 91.0 
40.0 84.0 -1.0 62.0 -1.0 65.0 -1.0 -1.0 77.0 -1.0 -1.0 -1.0 -1.0 66.0 -1.0 
-1.0 15.0 -1.0 -1.0 15.0 68.0 46.0 -1.0 -1.0 88.0 27.0 72.0 63.0 96.0 67.0 
53.0 86.0 -1.0 91.0 75.0 45.0 90.0 -1.0 -1.0 -1.0 51.0 77.0 -1.0 30.0 -1.0 
-1.0 -1.0 42.0 -1.0 -1.0 -1.0 87.0 -1.0 43.0 -1.0 -1.0 -1.0 82.0 88.0 95.0 
-1.0 66.0 -1.0 47.0 10.0 55.0 89.0 -1.0 17.0 -1.0 24.0 -1.0 82.0 32.0 10.0 
-1.0 -1.0 -1.0 -1.0 30.0 62.0 -1.0 -1.0 -1.0 62.0 45.0 33.0 -1.0 -1.0 22.0 
-1.0 75.0 32.0 92.0 -1.0 82.0 -1.0 -1.0 -1.0 -1.0 -1.0 70.0 66.0 -1.0 -1.0 
-1.0 -1.0 -1.0 -1.0 83.0 -1.0 -1.0 -1.0 20.0 -1.0 14.0 22.0 55.0 -1.0 -1.0 
-1.0 39.0 -1.0 38.0 16.0 56.0 54.0 -1.0 45.0 26.0 -1.0 -1.0 -1.0 -1.0 -1.0 
43.0 86.0 78.0 -1.0 21.0 -1.0 -1.0 66.0 -1.0 64.0 57.0 -1.0 17.0 -1.0 -1.0 
82.0 -1.0 -1.0 -1.0 -1.0 -1.0 -1.0 -1.0 83.0 -1.0 43.0 72.0 25.0 -1.0 -1.0 
25.0 -1.0 -1.0 54.0 94.0 -1.0 80.0 91.0 22.0 -1.0 42.0 16.0 -1.0 47.0 -1.0 
-1.0 59.0 21.0 72.0 30.0 -1.0 51.0 40.0 13.0 -1.0 -1.0 33.0 -1.0 -1.0 29.0 
70.0 37.0 -1.0 79.0 94.0 64.0 -1.0 84.0 44.0 -1.0 66.0 -1.0 -1.0 82.0 -1.0 
25.0 -1.0 17.0 -1.0 -1.0 61.0 -1.0 -1.0 100.0 84.0 -1.0 -1.0 -1.0 -1.0 -1.0 
100.0 -1.0 -1.0 -1.0 -1.0 35.0 -1.0 76.0 84.0 89.0 -1.0 -1.0 47.0 -1.0 -1.0 
84.0 77.0 47.0 27.0 29.0 34.0 16.0 -1.0 -1.0 41.0 -1.0 -1.0 84.0 -1.0 -1.0 
-1.0 -1.0 -1.0 -1.0 -1.0 -1.0 49.0 27.0 40.0 14.0 40.0 -1.0 -1.0 -1.0 -1.0 
-1.0 -1.0 -1.0 -1.0 43.0 28.0 19.0 18.0 -1.0 -1.0 46.0 55.0 43.0 70.0 -1.0 
-1.0 -1.0 30.0 -1.0 51.0 54.0 34.0 73.0 27.0 47.0 28.0 -1.0 -1.0 -1.0 31.0 
29.0 -1.0 12.0 49.0 -1.0 55.0 89.0 33.0 16.0 -1.0 -1.0 67.0 83.0 -1.0 -1.0 
-1.0 -1.0 -1.0 -1.0 -1.0 24.0 45.0 -1.0 14.0 -1.0 -1.0 67.0 -1.0 -1.0 53.0 
-1.0 -1.0 57.0 -1.0 79.0 54.0 52.0 26.0 -1.0 -1.0 -1.0 28.0 13.0 -1.0 -1.0 
28.0 -1.0 30.0 44.0 54.0 -1.0 -1.0 -1.0 11.0 13.0 20.0 46.0 -1.0 38.0 63.0 
-1.0 42.0 66.0 -1.0 -1.0 -1.0 -1.0 86.0 38.0 -1.0 -1.0 -1.0 -1.0 25.0 -1.0 
93.0 -1.0 85.0 26.0 28.0 80.0 -1.0 -1.0 30.0 -1.0 79.0 -1.0 -1.0 29.0 39.0 
-1.0 13.0 96.0 70.0 -1.0 -1.0 -1.0 14.0 100.0 42.0 -1.0 -1.0 31.0 66.0 86.0 
12.0 -1.0 -1.0 -1.0 -1.0 77.0 -1.0 17.0 -1.0 22.0 -1.0 -1.0 22.0 65.0 -1.0 
44.0 20.0 -1.0 -1.0 26.0 -1.0 33.0 29.0 58.0 -1.0 -1.0 74.0 96.0 -1.0 35.0 
-1.0 -1.0 58.0 -1.0 -1.0 -1.0 -1.0 -1.0 18.0 -1.0 28.0 -1.0 28.0 40.0 -1.0 
-1.0 -1.0 -1.0 34.0 59.0 -1.0 -1.0 80.0 -1.0 61.0 77.0 25.0 27.0 27.0 10.0 
35.0 -1.0 36.0 -1.0 60.0 -1.0 -1.0 -1.0 -1.0 -1.0 18.0 25.0 -1.0 79.0 97.0 
93.0 -1.0 44.0 -1.0 44.0 34.0 -1.0 -1.0 -1.0 85.0 -1.0 54.0 -1.0 22.0 -1.0 
80.0 -1.0 49.0 69.0 57.0 -1.0 60.0 65.0 -1.0 97.0 92.0 -1.0 -1.0 27.0 74.0 
-1.0 54.0 -1.0 -1.0 83.0 36.0 -1.0 38.0 -1.0 -1.0 38.0 44.0 30.0 -1.0 86.0 
-1.0 -1.0 -1.0 -1.0 -1.0 50.0 83.0 39.0 59.0 64.0 56.0 -1.0 -1.0 -1.0 12.0 
23.0 96.0 -1.0 67.0 -1.0 -1.0 97.0 39.0 69.0 -1.0 -1.0 20.0 77.0 81.0 73.0 
-1.0 -1.0 -1.0 23.0 -1.0 -1.0 87.0 95.0 -1.0 -1.0 96.0 -1.0 -1.0 44.0 -1.0 
-1.0 81.0 42.0 19.0 30.0 75.0 10.0 -1.0 -1.0 -1.0 -1.0 -1.0 -1.0 65.0 -1.0 
21.0 -1.0 -1.0 -1.0 77.0 86.0 -1.0 -1.0 43.0 75.0 -1.0 -1.0 47.0 59.0 -1.0 
82.0 32.0 41.0 14.0 -1.0 -1.0 87.0 54.0 60.0 -1.0 -1.0 90.0 93.0 63.0 -1.0 
39.0 55.0 -1.0 99.0 24.0 -1.0 27.0 -1.0 -1.0 62.0 99.0 56.0 -1.0 70.0 83.0 
-1.0 46.0 -1.0 99.0 -1.0 73.0 47.0 -1.0 91.0 -1.0 -1.0 -1.0 -1.0 -1.0 -1.0 
-1.0 32.0 -1.0 -1.0 -1.0 52.0 -1.0 -1.0 66.0 24.0 -1.0 68.0 -1.0 42.0 37.0 
15.0 -1.0 -1.0 56.0 -1.0 -1.0 57.0 -1.0 -1.0 -1.0 10.0 45.0 87.0 76.0 68.0 
-1.0 15.0 -1.0 -1.0 -1.0 61.0 -1.0 83.0 -1.0 -1.0 21.0 -1.0 -1.0 44.0 -1.0 
74.0 18.0 -1.0 -1.0 86.0 50.0 61.0 65.0 85.0 -1.0 -1.0 13.0 49.0 -1.0 -1.0 
57.0 12.0 16.0 -1.0 -1.0 -1.0 93.0 45.0 -1.0 -1.0 83.0 -1.0 -1.0 49.0 53.0 
-1.0 12.0 73.0 -1.0 -1.0 -1.0 -1.0 77.0 -1.0 -1.0 23.0 100.0 -1.0 -1.0 -1.0 
29.0 15.0 -1.0 -1.0 -1.0 -1.0 -1.0 89.0 36.0 -1.0 -1.0 91.0 72.0 -1.0 59.0 
42.0 95.0 28.0 -1.0 34.0 -1.0 64.0 -1.0 25.0 57.0 -1.0 30.0 -1.0 53.0 54.0 
31.0 -1.0 23.0 -1.0 -1.0 -1.0 46.0 96.0 -1.0 61.0 -1.0 25.0 -1.0 97.0 -1.0 
26.0 59.0 -1.0 80.0 63.0 -1.0 32.0 29.0 15.0 24.0 -1.0 -1.0 56.0 49.0 -1.0 
-1.0 -1.0 95.0 -1.0 -1.0 27.0 -1.0 60.0 -1.0 11.0 -1.0 97.0 -1.0 -1.0 -1.0 
-1.0 29.0 -1.0 -1.0 19.0 33.0 -1.0 -1.0 21.0 -1.0 21.0 -1.0 -1.0 70.0 -1.0 
-1.0 97.0 61.0 59.0 -1.0 56.0 -1.0 -1.0 41.0 -1.0 -1.0 -1.0 -1.0 93.0 -1.0 
-1.0 80.0 69.0 -1.0 72.0 30.0 14.0 -1.0 52.0 -1.0 -1.0 -1.0 -1.0 -1.0 -1.0 
10.0 89.0 -1.0 -1.0 19.0 -1.0 36.0 -1.0 64.0 -1.0 80.0 77.0 -1.0 36.0 -1.0 
-1.0 -1.0 -1.0 -1.0 29.0 -1.0 68.0 -1.0 -1.0 58.0 -1.0 -1.0 -1.0 19.0 14.0 
-1.0 44.0 62.0 100.0 -1.0 79.0 37.0 -1.0 -1.0 -1.0 77.0 59.0 56.0 -1.0 43.0 
30.0 -1.0 -1.0 72.0 -1.0 68.0 -1.0 -1.0 -1.0 -1.0 -1.0 -1.0 44.0 56.0 -1.0 
82.0 -1.0 61.0 37.0 84.0 54.0 70.0 -1.0 -1.0 -1.0 -1.0 -1.0 -1.0 23.0 -1.0 
-1.0 17.0 94.0 38.0 71.0 25.0 37.0 -1.0 -1.0 -1.0 -1.0 -1.0 100.0 -1.0 47.0 
24.0 10.0 -1.0 -1.0 40.0 -1.0 -1.0 -1.0 -1.0 60.0 -1.0 -1.0 66.0 25.0 -1.0 
-1.0 -1.0 45.0 93.0 -1.0 -1.0 100.0 -1.0 85.0 30.0 30.0 -1.0 73.0 -1.0 -1.0 
82.0 -1.0 -1.0 13.0 -1.0 -1.0 -1.0 -1.0 -1.0 82.0 -1.0 84.0 -1.0 -1.0 73.0 
25.0 -1.0 94.0 23.0 -1.0 31.0 -1.0 -1.0 -1.0 -1.0 89.0 -1.0 70.0 90.0 -1.0 
34.0 -1.0 91.0 -1.0 -1.0 -1.0 21.0 12.0 -1.0 -1.0 -1.0 60.0 48.0 -1.0 -1.0 
96.0 12.0 -1.0 58.0 16.0 49.0 52.0 -1.0 -1.0 -1.0 57.0 -1.0 25.0 -1.0 25.0 
14.0 -1.0 -1.0 -1.0 -1.0 -1.0 69.0 75.0 95.0 -1.0 39.0 -1.0 51.0 -1.0 -1.0 
76.0 38.0 10.0 74.0 -1.0 30.0 -1.0 83.0 -1.0 -1.0 31.0 58.0 -1.0 23.0 -1.0 
30.0 44.0 -1.0 25.0 42.0 -1.0 -1.0 -1.0 -1.0 -1.0 -1.0 78.0 83.0 -1.0 24.0 
-1.0 -1.0 -1.0 -1.0 94.0 38.0 -1.0 -1.0 51.0 43.0 31.0 40.0 61.0 20.0 89.0 
-1.0 81.0 99.0 -1.0 15.0 39.0 36.0 -1.0 85.0 -1.0 83.0 -1.0 78.0 -1.0 -1.0 
81.0 -1.0 -1.0 -1.0 76.0 13.0 -1.0 -1.0 -1.0 -1.0 18.0 -1.0 23.0 13.0 98.0 
-1.0 -1.0 -1.0 78.0 29.0 69.0 -1.0 68.0 94.0 46.0 14.0 -1.0 18.0 -1.0 24.0 
50.0 16.0 -1.0 -1.0 29.0 25.0 -1.0 -1.0 39.0 -1.0 -1.0 39.0 54.0 -1.0 -1.0 
72.0 31.0 -1.0 -1.0 73.0 58.0 -1.0 85.0 -1.0 -1.0 46.0 24.0 76.0 43.0 -1.0 
-1.0 -1.0 95.0 99.0 14.0 -1.0 -1.0 -1.0 -1.0 45.0 -1.0 29.0 -1.0 -1.0 -1.0 
89.0 40.0 -1.0 57.0 -1.0 -1.0 11.0 -1.0 36.0 59.0 18.0 90.0 -1.0 77.0 -1.0 
89.0 -1.0 16.0 71.0 76.0 24.0 -1.0 27.0 -1.0 30.0 -1.0 -1.0 58.0 46.0 -1.0 
-1.0 -1.0 -1.0 -1.0 72.0 46.0 -1.0 -1.0 19.0 48.0 -1.0 46.0 -1.0 98.0 -1.0 
18.0 32.0 -1.0 -1.0 96.0 40.0 40.0 25.0 -1.0 -1.0 78.0 -1.0 93.0 16.0 -1.0 
73.0 65.0 -1.0 76.0 -1.0 -1.0 40.0 59.0 -1.0 66.0 -1.0 87.0 -1.0 85.0 -1.0 
61.0 63.0 -1.0 69.0 49.0 74.0 27.0 -1.0 -1.0 98.0 18.0 57.0 -1.0 68.0 -1.0 
-1.0 -1.0 -1.0 83.0 -1.0 -1.0 46.0 61.0 -1.0 -1.0 -1.0 32.0 -1.0 59.0 -1.0 
-1.0 -1.0 55.0 90.0 -1.0 -1.0 86.0 -1.0 96.0 63.0 -1.0 -1.0 61.0 31.0 56.0 
50.0 38.0 -1.0 31.0 25.0 57.0 -1.0 97.0 89.0 -1.0 52.0 -1.0 -1.0 -1.0 72.0 
-1.0 -1.0 41.0 -1.0 -1.0 65.0 -1.0 60.0 69.0 94.0 -1.0 95.0 -1.0 -1.0 -1.0 
-1.0 -1.0 -1.0 34.0 11.0 24.0 99.0 -1.0 56.0 43.0 -1.0 22.0 29.0 -1.0 22.0 
49.0 -1.0 -1.0 -1.0 -1.0 -1.0 96.0 30.0 78.0 -1.0 82.0 62.0 90.0 -1.0 35.0 
31.0 -1.0 21.0 -1.0 31.0 67.0 -1.0 53.0 -1.0 19.0 81.0 19.0 -1.0 25.0 31.0 
24.0 -1.0 26.0 -1.0 76.0 -1.0 -1.0 -1.0 35.0 11.0 -1.0 -1.0 -1.0 43.0 87.0 
21.0 -1.0 -1.0 -1.0 15.0 24.0 30.0 -1.0 51.0 20.0 77.0 -1.0 -1.0 88.0 70.0 
-1.0 94.0 45.0 -1.0 -1.0 -1.0 -1.0 -1.0 54.0 82.0 -1.0 32.0 -1.0 -1.0 -1.0 
92.0 46.0 50.0 41.0 -1.0 11.0 -1.0 24.0 -1.0 -1.0 -1.0 -1.0 19.0 -1.0 71.0 
42.0 90.0 -1.0 52.0 90.0 -1.0 -1.0 64.0 17.0 -1.0 -1.0 31.0 14.0 68.0 37.0 
94.0 25.0 33.0 -1.0 -1.0 -1.0 98.0 -1.0 45.0 -1.0 -1.0 -1.0 -1.0 -1.0 30.0 
64.0 -1.0 -1.0 -1.0 -1.0 61.0 -1.0 12.0 27.0 -1.0 -1.0 -1.0 69.0 -1.0 -1.0 
72.0 -1.0 -1.0 84.0 -1.0 32.0 -1.0 -1.0 -1.0 12.0 44.0 -1.0 -1.0 25.0 58.0 
-1.0 32.0 31.0 90.0 36.0 77.0 -1.0 -1.0 -1.0 100.0 -1.0 -1.0 28.0 -1.0 95.0 
72.0 28.0 59.0 -1.0 21.0 -1.0 10.0 67.0 21.0 -1.0 -1.0 -1.0 54.0 73.0 -1.0 
-1.0 43.0 28.0 -1.0 -1.0 -1.0 92.0 82.0 -1.0 37.0 32.0 -1.0 -1.0 53.0 37.0 
13.0 -1.0 -1.0 -1.0 34.0 -1.0 -1.0 21.0 44.0 65.0 72.0 -1.0 -1.0 80.0 -1.0 
43.0 12.0 14.0 78.0 -1.0 -1.0 -1.0 -1.0 -1.0 -1.0 35.0 51.0 -1.0 98.0 -1.0 
77.0 42.0 -1.0 -1.0 -1.0 35.0 35.0 23.0 69.0 -1.0 -1.0 -1.0 -1.0 36.0 -1.0 
38.0 -1.0 47.0 -1.0 42.0 -1.0 28.0 14.0 93.0 -1.0 -1.0 86.0 92.0 25.0 13.0 
-1.0 -1.0 -1.0 -1.0 11.0 -1.0 -1.0 14.0 -1.0 69.0 -1.0 -1.0 88.0 19.0 -1.0 
42.0 26.0 -1.0 42.0 66.0 25.0 -1.0 40.0 -1.0 -1.0 46.0 31.0 17.0 -1.0 -1.0 
15.0 -1.0 88.0 -1.0 -1.0 -1.0 97.0 -1.0 -1.0 13.0 -1.0 -1.0 72.0 -1.0 -1.0 
33.0 26.0 62.0 97.0 22.0 79.0 76.0 -1.0 95.0 -1.0 -1.0 -1.0 28.0 -1.0 24.0 
-1.0 -1.0 -1.0 51.0 -1.0 -1.0 79.0 -1.0 -1.0 -1.0 -1.0 -1.0 70.0 78.0 20.0 
10.0 -1.0 -1.0 28.0 -1.0 95.0 78.0 30.0 -1.0 -1.0 -1.0 -1.0 -1.0 17.0 -1.0 
-1.0 -1.0 -1.0 -1.0 -1.0 20.0 -1.0 88.0 -1.0 58.0 48.0 -1.0 35.0 -1.0 -1.0 
-1.0 15.0 45.0 -1.0 -1.0 -1.0 -1.0 89.0 49.0 75.0 -1.0 67.0 -1.0 -1.0 -1.0 
93.0 96.0 85.0 94.0 -1.0 85.0 99.0 49.0 -1.0 43.0 -1.0 70.0 32.0 -1.0 -1.0 
-1.0 -1.0 -1.0 53.0 -1.0 46.0 67.0 65.0 -1.0 83.0 -1.0 90.0 -1.0 63.0 42.0 
40.0 75.0 78.0 -1.0 80.0 57.0 -1.0 13.0 45.0 82.0 -1.0 29.0 -1.0 21.0 -1.0 
87.0 34.0 -1.0 -1.0 -1.0 26.0 45.0 49.0 71.0 -1.0 16.0 17.0 82.0 -1.0 -1.0 
16.0 -1.0 56.0 -1.0 -1.0 68.0 89.0 -1.0 75.0 -1.0 93.0 99.0 11.0 31.0 25.0 
-1.0 -1.0 -1.0 -1.0 -1.0 -1.0 41.0 15.0 10.0 -1.0 10.0 -1.0 -1.0 88.0 -1.0 
62.0 82.0 -1.0 57.0 83.0 70.0 -1.0 -1.0 -1.0 92.0 -1.0 11.0 80.0 -1.0 -1.0 
-1.0 -1.0 -1.0 -1.0 -1.0 -1.0 17.0 -1.0 52.0 -1.0 -1.0 91.0 72.0 49.0 -1.0 
-1.0 47.0 -1.0 73.0 -1.0 -1.0 -1.0 -1.0 18.0 100.0 -1.0 -1.0 -1.0 79.0 42.0 
