***n m*** 
15 15 
***h*** 
15 15 6 13 9 12 5 14 12 9 11 6 9 15 14 
***d*** 
1038.12 676.06 614.38 1155.69 993.23 1172.89 1037.4 1018.45 1460.77 952.72 977.71 888.35 1130.57 172.94 679.83 
***M*** 
8 12 9 11 4 7 2 15 1 10 
10 13 3 15 2 6 11 14 12 
6 8 1 11 13 
1 9 15 8 13 11 
12 8 9 13 14 2 
3 2 4 13 7 
9 4 2 13 14 12 7 5 8 
8 3 5 12 11 15 7 2 
5 4 10 9 14 6 7 1 12 
12 11 15 1 8 10 7 
2 7 5 9 8 13 
9 15 1 3 4 12 5 
3 10 14 7 2 12 8 4 
2 5 14 9 4 10 11 12 7 
15 12 13 1 5 2 8 
2 8 10 14 7 4 15 
6 10 15 14 12 2 7 
12 9 1 11 6 5 2 
2 1 11 6 9 13 14 7 8 10 
5 6 8 14 2 
11 4 14 8 12 
3 4 5 15 9 11 2 12 1 
12 3 13 9 7 11 2 4 
6 2 12 13 14 15 3 9 11 5 
6 10 15 11 3 
6 15 2 11 14 4 
11 6 1 5 4 
14 15 10 2 1 11 
10 6 12 11 9 8 
15 3 14 12 10 5 6 8 1 13 
5 6 3 10 8 9 11 4 12 
3 6 11 14 7 
10 2 11 5 1 
3 10 7 14 2 6 1 11 5 12 
11 9 10 6 15 8 
11 12 5 1 15 9 10 7 6 2 
3 12 1 2 8 4 13 10 
4 3 5 11 7 
4 14 7 9 1 12 3 8 13 
15 9 3 13 4 12 5 10 
11 8 15 4 5 1 10 9 
8 14 12 2 3 
7 10 4 9 8 
12 1 8 14 13 15 6 3 
10 6 8 7 3 14 15 1 5 12 
3 14 4 2 1 9 
8 14 3 10 7 9 6 
2 7 14 3 12 10 13 9 15 6 
11 5 1 10 6 
9 3 6 13 11 12 8 10 4 5 
8 12 1 5 10 2 6 
15 12 2 11 1 13 14 5 4 
1 3 5 2 15 11 8 7 
5 7 12 2 15 
7 3 8 6 4 5 
1 13 9 5 12 8 10 15 14 3 
11 8 4 12 1 2 13 9 
14 6 5 8 7 
14 8 2 13 6 
7 10 13 14 5 3 2 
11 9 7 2 14 
9 14 7 13 6 
2 15 9 14 10 1 
9 6 13 15 11 3 
15 7 4 3 5 
9 1 2 11 10 8 14 7 
11 7 6 13 9 8 
2 7 15 8 3 4 10 
15 11 2 10 4 12 8 5 3 13 
1 8 11 6 4 
10 15 8 14 2 3 
9 8 3 5 4 12 
15 13 8 5 1 2 
10 15 12 6 1 8 3 9 4 5 
11 15 9 7 10 3 4 8 
1 5 13 12 7 2 8 9 15 
6 12 11 7 9 15 8 
5 1 15 7 13 
4 13 5 6 9 15 14 2 
6 13 11 14 15 5 
9 2 1 10 15 4 8 
14 3 8 13 15 5 10 6 1 
10 14 12 2 7 13 4 8 
1 12 8 15 10 13 5 
4 6 1 2 8 3 5 9 10 
3 10 4 13 12 5 
12 10 8 1 2 
11 2 7 4 9 15 5 12 3 6 
11 13 7 5 4 15 6 
3 10 4 1 5 
6 7 10 12 14 
14 7 13 5 1 3 12 
5 6 7 13 15 3 2 11 
6 3 12 15 4 13 10 
2 7 4 15 5 
13 5 4 11 12 10 
10 7 11 13 12 15 2 8 
6 1 3 14 4 5 10 12 
13 6 9 3 4 
6 5 15 4 13 
14 5 6 3 10 7 12 
6 8 11 7 15 5 3 9 
3 13 14 12 5 4 11 7 10 
6 13 11 1 8 9 2 15 
9 4 7 13 6 5 11 2 
10 15 11 13 2 1 4 12 
4 7 12 13 14 8 6 
2 3 5 11 1 10 7 14 
4 6 1 13 7 
1 9 13 5 8 
14 13 7 3 11 9 6 
4 12 1 6 11 10 9 13 2 
6 13 11 14 1 7 10 12 
6 10 5 4 1 14 15 7 11 
14 1 6 11 12 2 4 
8 13 12 2 5 15 1 4 
1 5 3 10 13 
1 11 12 9 8 14 3 
2 11 9 14 6 4 
9 3 8 13 5 14 
11 13 7 5 12 2 10 15 6 4 
11 1 14 9 10 15 13 7 4 3 
5 8 1 15 6 2 
6 8 11 5 9 3 10 2 15 7 
1 8 9 13 5 3 
9 1 8 2 15 11 5 10 7 3 
4 12 8 6 14 
12 1 8 6 15 9 
15 6 5 8 9 14 4 1 11 10 
9 2 1 5 4 7 3 
3 8 2 15 1 11 
8 12 10 5 13 2 15 
9 7 8 1 11 13 12 
5 3 6 9 7 
9 6 14 5 4 15 3 12 10 11 
6 10 5 11 14 12 3 1 7 4 
15 3 7 6 13 1 10 5 4 
13 14 12 4 3 
8 1 9 12 7 13 3 
1 14 7 2 6 
3 11 5 12 13 6 14 10 1 
14 8 1 6 12 10 
2 12 3 15 5 6 8 1 4 
11 2 9 6 4 15 5 14 12 
11 9 14 10 7 12 13 4 
1 4 3 11 2 6 
11 14 6 5 10 4 7 
9 15 13 3 11 2 1 
15 12 14 1 7 8 
7 3 9 12 11 
6 1 7 9 3 
2 12 1 5 14 15 
3 2 10 11 6 12 13 5 
1 13 7 14 9 4 5 11 
13 10 11 2 6 1 8 
5 15 14 6 11 13 8 4 3 
14 15 6 11 13 5 10 7 2 4 
1 6 3 8 2 12 10 5 
15 5 6 8 3 13 2 9 12 
3 6 2 5 12 
9 12 4 8 3 
9 1 10 3 4 13 7 8 12 
2 5 8 1 7 15 11 12 10 
6 4 2 1 8 9 7 5 12 
2 5 14 3 6 4 1 
***P*** 
46.0 97.0 -1.0 25.0 -1.0 -1.0 76.0 97.0 24.0 18.0 28.0 92.0 -1.0 -1.0 98.0 
-1.0 16.0 43.0 -1.0 -1.0 74.0 -1.0 -1.0 -1.0 94.0 23.0 43.0 24.0 92.0 84.0 
62.0 -1.0 -1.0 -1.0 -1.0 66.0 -1.0 100.0 -1.0 -1.0 96.0 -1.0 100.0 -1.0 -1.0 
41.0 -1.0 -1.0 -1.0 -1.0 -1.0 -1.0 93.0 84.0 -1.0 40.0 -1.0 16.0 -1.0 100.0 
-1.0 56.0 -1.0 -1.0 -1.0 -1.0 -1.0 41.0 37.0 -1.0 -1.0 28.0 78.0 25.0 -1.0 
-1.0 40.0 34.0 10.0 -1.0 -1.0 82.0 -1.0 -1.0 -1.0 -1.0 -1.0 51.0 -1.0 -1.0 
-1.0 72.0 -1.0 40.0 85.0 -1.0 90.0 43.0 68.0 -1.0 -1.0 58.0 100.0 97.0 -1.0 
-1.0 29.0 68.0 -1.0 78.0 -1.0 30.0 26.0 -1.0 -1.0 17.0 53.0 -1.0 -1.0 10.0 
41.0 -1.0 -1.0 67.0 83.0 22.0 51.0 -1.0 83.0 79.0 -1.0 44.0 -1.0 89.0 -1.0 
77.0 -1.0 -1.0 -1.0 -1.0 -1.0 77.0 44.0 -1.0 10.0 63.0 96.0 -1.0 -1.0 99.0 
-1.0 90.0 -1.0 -1.0 55.0 -1.0 45.0 42.0 11.0 -1.0 -1.0 -1.0 34.0 -1.0 -1.0 
97.0 -1.0 23.0 72.0 58.0 -1.0 -1.0 -1.0 91.0 -1.0 -1.0 37.0 -1.0 -1.0 73.0 
-1.0 66.0 71.0 17.0 -1.0 -1.0 54.0 35.0 -1.0 86.0 -1.0 28.0 -1.0 42.0 -1.0 
-1.0 11.0 -1.0 51.0 78.0 -1.0 57.0 -1.0 26.0 30.0 23.0 11.0 -1.0 37.0 -1.0 
92.0 60.0 -1.0 -1.0 24.0 -1.0 -1.0 18.0 -1.0 -1.0 -1.0 92.0 83.0 -1.0 79.0 
-1.0 94.0 -1.0 71.0 -1.0 -1.0 84.0 12.0 -1.0 40.0 -1.0 -1.0 -1.0 70.0 37.0 
-1.0 20.0 -1.0 -1.0 -1.0 72.0 76.0 -1.0 -1.0 40.0 -1.0 18.0 -1.0 22.0 55.0 
50.0 47.0 -1.0 -1.0 14.0 19.0 -1.0 -1.0 31.0 -1.0 20.0 66.0 -1.0 -1.0 -1.0 
63.0 81.0 -1.0 -1.0 -1.0 53.0 71.0 13.0 72.0 80.0 70.0 -1.0 49.0 70.0 -1.0 
-1.0 34.0 -1.0 -1.0 98.0 69.0 -1.0 55.0 -1.0 -1.0 -1.0 -1.0 -1.0 57.0 -1.0 
-1.0 -1.0 -1.0 91.0 -1.0 -1.0 -1.0 26.0 -1.0 -1.0 45.0 45.0 -1.0 46.0 -1.0 
43.0 62.0 15.0 48.0 19.0 -1.0 -1.0 -1.0 74.0 -1.0 31.0 68.0 -1.0 -1.0 27.0 
-1.0 93.0 42.0 74.0 -1.0 -1.0 54.0 -1.0 43.0 -1.0 21.0 43.0 36.0 -1.0 -1.0 
-1.0 20.0 35.0 -1.0 82.0 19.0 -1.0 -1.0 57.0 -1.0 82.0 52.0 60.0 36.0 80.0 
-1.0 -1.0 97.0 -1.0 -1.0 42.0 -1.0 -1.0 -1.0 64.0 98.0 -1.0 -1.0 -1.0 64.0 
-1.0 89.0 -1.0 16.0 -1.0 82.0 -1.0 -1.0 -1.0 -1.0 35.0 -1.0 -1.0 24.0 100.0 
38.0 -1.0 -1.0 65.0 66.0 62.0 -1.0 -1.0 -1.0 -1.0 54.0 -1.0 -1.0 -1.0 -1.0 
27.0 43.0 -1.0 -1.0 -1.0 -1.0 -1.0 -1.0 -1.0 32.0 34.0 -1.0 -1.0 30.0 80.0 
-1.0 -1.0 -1.0 -1.0 -1.0 44.0 -1.0 79.0 13.0 35.0 59.0 10.0 -1.0 -1.0 -1.0 
21.0 -1.0 14.0 -1.0 25.0 26.0 -1.0 41.0 -1.0 37.0 -1.0 13.0 45.0 70.0 14.0 
-1.0 -1.0 91.0 37.0 18.0 41.0 -1.0 12.0 71.0 64.0 37.0 23.0 -1.0 -1.0 -1.0 
-1.0 -1.0 96.0 -1.0 -1.0 94.0 64.0 -1.0 -1.0 -1.0 69.0 -1.0 -1.0 85.0 -1.0 
88.0 45.0 -1.0 -1.0 23.0 -1.0 -1.0 -1.0 -1.0 64.0 99.0 -1.0 -1.0 -1.0 -1.0 
93.0 28.0 19.0 -1.0 89.0 100.0 78.0 -1.0 -1.0 74.0 67.0 21.0 -1.0 54.0 -1.0 
-1.0 -1.0 -1.0 -1.0 -1.0 44.0 -1.0 62.0 34.0 69.0 33.0 -1.0 -1.0 -1.0 88.0 
19.0 84.0 -1.0 -1.0 11.0 65.0 90.0 -1.0 12.0 38.0 24.0 61.0 -1.0 -1.0 76.0 
60.0 15.0 18.0 28.0 -1.0 -1.0 -1.0 57.0 -1.0 13.0 -1.0 41.0 27.0 -1.0 -1.0 
-1.0 -1.0 62.0 66.0 53.0 -1.0 17.0 -1.0 -1.0 -1.0 34.0 -1.0 -1.0 -1.0 -1.0 
37.0 -1.0 94.0 59.0 -1.0 -1.0 44.0 81.0 57.0 -1.0 -1.0 72.0 18.0 74.0 -1.0 
-1.0 -1.0 20.0 25.0 15.0 -1.0 -1.0 -1.0 69.0 68.0 -1.0 45.0 58.0 -1.0 75.0 
73.0 -1.0 -1.0 98.0 17.0 -1.0 -1.0 52.0 57.0 54.0 41.0 -1.0 -1.0 -1.0 41.0 
-1.0 47.0 45.0 -1.0 -1.0 -1.0 -1.0 96.0 -1.0 -1.0 -1.0 13.0 -1.0 34.0 -1.0 
-1.0 -1.0 -1.0 28.0 -1.0 -1.0 47.0 74.0 39.0 64.0 -1.0 -1.0 -1.0 -1.0 -1.0 
80.0 -1.0 85.0 -1.0 -1.0 81.0 -1.0 68.0 -1.0 -1.0 -1.0 27.0 55.0 50.0 30.0 
52.0 -1.0 88.0 -1.0 100.0 76.0 43.0 17.0 -1.0 10.0 -1.0 91.0 -1.0 22.0 44.0 
99.0 20.0 42.0 57.0 -1.0 -1.0 -1.0 -1.0 73.0 -1.0 -1.0 -1.0 -1.0 49.0 -1.0 
-1.0 -1.0 82.0 -1.0 -1.0 29.0 44.0 80.0 32.0 24.0 -1.0 -1.0 -1.0 52.0 -1.0 
-1.0 39.0 17.0 -1.0 -1.0 74.0 88.0 -1.0 75.0 20.0 -1.0 49.0 39.0 81.0 86.0 
22.0 -1.0 -1.0 -1.0 89.0 88.0 -1.0 -1.0 -1.0 38.0 23.0 -1.0 -1.0 -1.0 -1.0 
-1.0 -1.0 89.0 36.0 79.0 56.0 -1.0 99.0 16.0 25.0 19.0 94.0 59.0 -1.0 -1.0 
10.0 47.0 -1.0 -1.0 99.0 57.0 -1.0 97.0 -1.0 31.0 -1.0 27.0 -1.0 -1.0 -1.0 
24.0 27.0 -1.0 24.0 24.0 -1.0 -1.0 -1.0 -1.0 -1.0 55.0 60.0 51.0 75.0 42.0 
81.0 81.0 47.0 -1.0 57.0 -1.0 84.0 87.0 -1.0 -1.0 96.0 -1.0 -1.0 -1.0 100.0 
-1.0 29.0 -1.0 -1.0 100.0 -1.0 55.0 -1.0 -1.0 -1.0 -1.0 10.0 -1.0 -1.0 63.0 
-1.0 -1.0 29.0 91.0 60.0 82.0 18.0 49.0 -1.0 -1.0 -1.0 -1.0 -1.0 -1.0 -1.0 
93.0 -1.0 90.0 -1.0 68.0 -1.0 -1.0 10.0 34.0 88.0 -1.0 12.0 63.0 77.0 100.0 
17.0 42.0 -1.0 13.0 -1.0 -1.0 -1.0 31.0 88.0 -1.0 13.0 54.0 97.0 -1.0 -1.0 
-1.0 -1.0 -1.0 -1.0 36.0 93.0 51.0 24.0 -1.0 -1.0 -1.0 -1.0 -1.0 11.0 -1.0 
-1.0 98.0 -1.0 -1.0 -1.0 57.0 -1.0 88.0 -1.0 -1.0 -1.0 -1.0 15.0 63.0 -1.0 
-1.0 14.0 47.0 -1.0 95.0 -1.0 28.0 -1.0 -1.0 77.0 -1.0 -1.0 93.0 11.0 -1.0 
-1.0 97.0 -1.0 -1.0 -1.0 -1.0 71.0 -1.0 94.0 -1.0 92.0 -1.0 -1.0 74.0 -1.0 
-1.0 -1.0 -1.0 -1.0 -1.0 13.0 93.0 -1.0 12.0 -1.0 -1.0 -1.0 12.0 72.0 -1.0 
86.0 72.0 -1.0 -1.0 -1.0 -1.0 -1.0 -1.0 44.0 98.0 -1.0 -1.0 -1.0 70.0 57.0 
-1.0 -1.0 94.0 -1.0 -1.0 16.0 -1.0 -1.0 49.0 -1.0 24.0 -1.0 80.0 -1.0 29.0 
-1.0 -1.0 33.0 33.0 49.0 -1.0 31.0 -1.0 -1.0 -1.0 -1.0 -1.0 -1.0 -1.0 58.0 
64.0 29.0 -1.0 -1.0 -1.0 -1.0 37.0 65.0 89.0 74.0 87.0 -1.0 -1.0 55.0 -1.0 
-1.0 -1.0 -1.0 -1.0 -1.0 62.0 75.0 64.0 15.0 -1.0 89.0 -1.0 88.0 -1.0 -1.0 
-1.0 31.0 71.0 24.0 -1.0 -1.0 63.0 88.0 -1.0 54.0 -1.0 -1.0 -1.0 -1.0 47.0 
-1.0 27.0 100.0 20.0 60.0 -1.0 -1.0 48.0 -1.0 32.0 96.0 71.0 28.0 -1.0 94.0 
99.0 -1.0 -1.0 56.0 -1.0 40.0 -1.0 93.0 -1.0 -1.0 68.0 -1.0 -1.0 -1.0 -1.0 
-1.0 11.0 44.0 -1.0 -1.0 -1.0 -1.0 94.0 -1.0 39.0 -1.0 -1.0 -1.0 99.0 86.0 
-1.0 -1.0 63.0 10.0 96.0 -1.0 -1.0 78.0 26.0 -1.0 -1.0 38.0 -1.0 -1.0 -1.0 
80.0 42.0 -1.0 -1.0 53.0 -1.0 -1.0 99.0 -1.0 -1.0 -1.0 -1.0 23.0 -1.0 63.0 
48.0 -1.0 58.0 61.0 55.0 72.0 -1.0 18.0 21.0 57.0 -1.0 21.0 -1.0 -1.0 33.0 
-1.0 -1.0 98.0 60.0 -1.0 -1.0 61.0 27.0 42.0 42.0 81.0 -1.0 -1.0 -1.0 64.0 
85.0 91.0 -1.0 -1.0 69.0 -1.0 60.0 28.0 98.0 -1.0 -1.0 33.0 20.0 -1.0 80.0 
-1.0 -1.0 -1.0 -1.0 -1.0 16.0 95.0 88.0 30.0 -1.0 27.0 16.0 -1.0 -1.0 46.0 
22.0 -1.0 -1.0 -1.0 33.0 -1.0 86.0 -1.0 -1.0 -1.0 -1.0 -1.0 39.0 -1.0 79.0 
-1.0 53.0 -1.0 35.0 57.0 19.0 -1.0 -1.0 93.0 -1.0 -1.0 -1.0 42.0 95.0 74.0 
-1.0 -1.0 -1.0 -1.0 94.0 57.0 -1.0 -1.0 -1.0 -1.0 68.0 -1.0 22.0 84.0 47.0 
36.0 86.0 -1.0 90.0 -1.0 -1.0 -1.0 75.0 92.0 43.0 -1.0 -1.0 -1.0 -1.0 10.0 
72.0 -1.0 57.0 -1.0 65.0 14.0 -1.0 66.0 -1.0 28.0 -1.0 -1.0 68.0 27.0 36.0 
-1.0 95.0 -1.0 37.0 -1.0 -1.0 92.0 41.0 -1.0 41.0 -1.0 88.0 40.0 89.0 -1.0 
95.0 -1.0 -1.0 -1.0 52.0 -1.0 -1.0 77.0 -1.0 56.0 -1.0 71.0 19.0 -1.0 45.0 
70.0 62.0 30.0 91.0 26.0 16.0 -1.0 53.0 61.0 56.0 -1.0 -1.0 -1.0 -1.0 -1.0 
-1.0 -1.0 44.0 48.0 46.0 -1.0 -1.0 -1.0 -1.0 66.0 -1.0 99.0 42.0 -1.0 -1.0 
51.0 96.0 -1.0 -1.0 -1.0 -1.0 -1.0 38.0 -1.0 59.0 -1.0 90.0 -1.0 -1.0 -1.0 
-1.0 24.0 66.0 89.0 12.0 51.0 64.0 -1.0 56.0 -1.0 33.0 34.0 -1.0 -1.0 17.0 
-1.0 -1.0 -1.0 27.0 89.0 13.0 62.0 -1.0 -1.0 -1.0 22.0 -1.0 63.0 -1.0 20.0 
60.0 -1.0 61.0 27.0 46.0 -1.0 -1.0 -1.0 -1.0 32.0 -1.0 -1.0 -1.0 -1.0 -1.0 
-1.0 -1.0 -1.0 -1.0 -1.0 78.0 45.0 -1.0 -1.0 12.0 -1.0 88.0 -1.0 12.0 -1.0 
80.0 -1.0 49.0 -1.0 73.0 -1.0 19.0 -1.0 -1.0 -1.0 -1.0 91.0 61.0 100.0 -1.0 
-1.0 79.0 43.0 -1.0 100.0 32.0 94.0 -1.0 -1.0 -1.0 12.0 -1.0 87.0 -1.0 17.0 
-1.0 -1.0 66.0 99.0 -1.0 88.0 -1.0 -1.0 -1.0 59.0 -1.0 18.0 69.0 -1.0 45.0 
-1.0 41.0 -1.0 80.0 23.0 -1.0 23.0 -1.0 -1.0 -1.0 -1.0 -1.0 -1.0 -1.0 80.0 
-1.0 -1.0 -1.0 79.0 99.0 -1.0 -1.0 -1.0 -1.0 32.0 66.0 85.0 22.0 -1.0 -1.0 
-1.0 94.0 -1.0 -1.0 -1.0 -1.0 61.0 97.0 -1.0 22.0 33.0 34.0 47.0 -1.0 82.0 
46.0 -1.0 73.0 10.0 59.0 69.0 -1.0 -1.0 -1.0 23.0 -1.0 48.0 -1.0 46.0 -1.0 
-1.0 -1.0 32.0 86.0 -1.0 75.0 -1.0 -1.0 67.0 -1.0 -1.0 -1.0 17.0 -1.0 -1.0 
-1.0 -1.0 -1.0 87.0 83.0 55.0 -1.0 -1.0 -1.0 -1.0 -1.0 -1.0 30.0 -1.0 99.0 
-1.0 -1.0 75.0 -1.0 32.0 20.0 19.0 -1.0 -1.0 47.0 -1.0 43.0 -1.0 16.0 -1.0 
-1.0 -1.0 90.0 -1.0 36.0 71.0 65.0 95.0 11.0 -1.0 64.0 -1.0 -1.0 -1.0 12.0 
-1.0 -1.0 45.0 29.0 88.0 -1.0 14.0 -1.0 -1.0 12.0 27.0 51.0 14.0 29.0 -1.0 
63.0 22.0 -1.0 -1.0 -1.0 56.0 -1.0 17.0 15.0 -1.0 23.0 -1.0 30.0 -1.0 32.0 
-1.0 46.0 -1.0 42.0 49.0 10.0 77.0 -1.0 14.0 -1.0 57.0 -1.0 72.0 -1.0 -1.0 
83.0 12.0 -1.0 27.0 -1.0 -1.0 -1.0 -1.0 -1.0 10.0 55.0 81.0 58.0 -1.0 54.0 
-1.0 -1.0 -1.0 73.0 -1.0 38.0 45.0 93.0 -1.0 -1.0 -1.0 90.0 60.0 30.0 -1.0 
57.0 98.0 23.0 -1.0 32.0 -1.0 52.0 -1.0 -1.0 67.0 13.0 -1.0 -1.0 37.0 -1.0 
43.0 -1.0 -1.0 59.0 -1.0 17.0 58.0 -1.0 -1.0 -1.0 -1.0 -1.0 81.0 -1.0 -1.0 
32.0 -1.0 -1.0 -1.0 80.0 -1.0 -1.0 96.0 86.0 -1.0 -1.0 -1.0 61.0 -1.0 -1.0 
-1.0 -1.0 91.0 -1.0 -1.0 35.0 43.0 -1.0 88.0 -1.0 25.0 -1.0 37.0 60.0 -1.0 
21.0 81.0 -1.0 25.0 -1.0 41.0 -1.0 -1.0 38.0 77.0 72.0 13.0 100.0 -1.0 -1.0 
82.0 -1.0 -1.0 -1.0 -1.0 76.0 36.0 -1.0 -1.0 59.0 64.0 91.0 44.0 99.0 -1.0 
50.0 -1.0 -1.0 80.0 84.0 16.0 76.0 -1.0 -1.0 35.0 96.0 -1.0 -1.0 92.0 22.0 
95.0 67.0 -1.0 88.0 -1.0 16.0 -1.0 -1.0 -1.0 -1.0 10.0 99.0 -1.0 32.0 -1.0 
86.0 50.0 -1.0 90.0 53.0 -1.0 -1.0 45.0 -1.0 -1.0 -1.0 30.0 45.0 -1.0 85.0 
56.0 -1.0 87.0 -1.0 12.0 -1.0 -1.0 -1.0 -1.0 71.0 -1.0 -1.0 34.0 -1.0 -1.0 
22.0 -1.0 83.0 -1.0 -1.0 -1.0 -1.0 27.0 14.0 -1.0 25.0 10.0 -1.0 44.0 -1.0 
-1.0 95.0 -1.0 79.0 -1.0 28.0 -1.0 -1.0 45.0 -1.0 41.0 -1.0 -1.0 39.0 -1.0 
-1.0 -1.0 23.0 -1.0 58.0 -1.0 -1.0 83.0 58.0 -1.0 -1.0 -1.0 57.0 42.0 -1.0 
-1.0 69.0 -1.0 89.0 89.0 54.0 76.0 -1.0 -1.0 43.0 59.0 88.0 13.0 -1.0 83.0 
65.0 -1.0 50.0 29.0 -1.0 -1.0 75.0 -1.0 90.0 39.0 36.0 -1.0 77.0 81.0 22.0 
37.0 59.0 -1.0 -1.0 37.0 45.0 -1.0 97.0 -1.0 -1.0 -1.0 -1.0 -1.0 -1.0 93.0 
-1.0 53.0 81.0 -1.0 26.0 37.0 45.0 30.0 80.0 27.0 27.0 -1.0 -1.0 -1.0 37.0 
13.0 -1.0 81.0 -1.0 47.0 -1.0 -1.0 80.0 65.0 -1.0 -1.0 -1.0 82.0 -1.0 -1.0 
79.0 95.0 76.0 -1.0 98.0 -1.0 63.0 39.0 85.0 83.0 50.0 -1.0 -1.0 -1.0 91.0 
-1.0 -1.0 -1.0 99.0 -1.0 18.0 -1.0 81.0 -1.0 -1.0 -1.0 50.0 -1.0 38.0 -1.0 
78.0 -1.0 -1.0 -1.0 -1.0 65.0 -1.0 40.0 25.0 -1.0 -1.0 98.0 -1.0 -1.0 17.0 
72.0 -1.0 -1.0 46.0 69.0 94.0 -1.0 56.0 99.0 98.0 35.0 -1.0 -1.0 78.0 70.0 
77.0 41.0 41.0 86.0 52.0 -1.0 70.0 -1.0 61.0 -1.0 -1.0 -1.0 -1.0 -1.0 -1.0 
56.0 32.0 27.0 -1.0 -1.0 -1.0 -1.0 97.0 -1.0 -1.0 82.0 -1.0 -1.0 -1.0 37.0 
-1.0 16.0 -1.0 -1.0 52.0 -1.0 -1.0 95.0 -1.0 77.0 -1.0 66.0 11.0 -1.0 11.0 
19.0 -1.0 -1.0 -1.0 -1.0 -1.0 11.0 41.0 59.0 -1.0 94.0 34.0 16.0 -1.0 -1.0 
-1.0 -1.0 74.0 -1.0 44.0 88.0 77.0 -1.0 59.0 -1.0 -1.0 -1.0 -1.0 -1.0 -1.0 
-1.0 -1.0 78.0 35.0 52.0 61.0 -1.0 -1.0 72.0 43.0 42.0 44.0 -1.0 87.0 24.0 
69.0 -1.0 73.0 55.0 36.0 11.0 88.0 -1.0 -1.0 63.0 45.0 37.0 -1.0 42.0 -1.0 
39.0 -1.0 22.0 46.0 33.0 38.0 12.0 -1.0 -1.0 35.0 -1.0 -1.0 28.0 -1.0 12.0 
-1.0 -1.0 24.0 14.0 -1.0 -1.0 -1.0 -1.0 -1.0 -1.0 -1.0 50.0 68.0 13.0 -1.0 
35.0 -1.0 50.0 -1.0 -1.0 -1.0 70.0 53.0 98.0 -1.0 -1.0 84.0 73.0 -1.0 -1.0 
43.0 23.0 -1.0 -1.0 -1.0 79.0 48.0 -1.0 -1.0 -1.0 -1.0 -1.0 -1.0 81.0 -1.0 
15.0 -1.0 17.0 -1.0 63.0 53.0 -1.0 -1.0 -1.0 42.0 74.0 53.0 40.0 49.0 -1.0 
55.0 -1.0 -1.0 -1.0 -1.0 20.0 -1.0 78.0 -1.0 12.0 -1.0 34.0 -1.0 27.0 -1.0 
79.0 45.0 65.0 11.0 39.0 26.0 -1.0 45.0 -1.0 -1.0 -1.0 45.0 -1.0 -1.0 97.0 
-1.0 79.0 -1.0 73.0 79.0 65.0 -1.0 -1.0 63.0 -1.0 34.0 32.0 -1.0 97.0 76.0 
-1.0 -1.0 -1.0 82.0 -1.0 -1.0 64.0 -1.0 36.0 63.0 84.0 57.0 63.0 27.0 -1.0 
76.0 83.0 65.0 91.0 -1.0 71.0 -1.0 -1.0 -1.0 -1.0 77.0 -1.0 -1.0 -1.0 -1.0 
-1.0 -1.0 -1.0 70.0 69.0 51.0 46.0 -1.0 -1.0 78.0 57.0 -1.0 -1.0 59.0 -1.0 
63.0 36.0 68.0 -1.0 -1.0 -1.0 -1.0 -1.0 75.0 -1.0 24.0 -1.0 15.0 -1.0 55.0 
27.0 -1.0 -1.0 -1.0 -1.0 -1.0 12.0 15.0 -1.0 -1.0 -1.0 72.0 -1.0 79.0 72.0 
-1.0 -1.0 59.0 -1.0 -1.0 -1.0 12.0 -1.0 58.0 -1.0 18.0 11.0 -1.0 -1.0 -1.0 
43.0 -1.0 16.0 -1.0 -1.0 74.0 70.0 -1.0 71.0 -1.0 -1.0 -1.0 -1.0 -1.0 -1.0 
56.0 30.0 -1.0 -1.0 21.0 -1.0 -1.0 -1.0 -1.0 -1.0 -1.0 43.0 -1.0 30.0 79.0 
-1.0 18.0 42.0 -1.0 44.0 18.0 -1.0 -1.0 -1.0 62.0 93.0 41.0 29.0 -1.0 -1.0 
74.0 -1.0 -1.0 23.0 76.0 -1.0 76.0 -1.0 66.0 -1.0 16.0 -1.0 11.0 56.0 -1.0 
44.0 36.0 -1.0 -1.0 -1.0 15.0 -1.0 61.0 -1.0 36.0 66.0 -1.0 45.0 -1.0 -1.0 
-1.0 -1.0 36.0 51.0 52.0 94.0 -1.0 29.0 -1.0 -1.0 65.0 -1.0 35.0 71.0 52.0 
-1.0 30.0 -1.0 23.0 97.0 27.0 80.0 -1.0 -1.0 28.0 33.0 -1.0 38.0 11.0 34.0 
18.0 16.0 99.0 -1.0 10.0 32.0 -1.0 73.0 -1.0 68.0 -1.0 32.0 -1.0 -1.0 -1.0 
-1.0 58.0 30.0 -1.0 33.0 39.0 -1.0 83.0 74.0 -1.0 -1.0 71.0 88.0 -1.0 66.0 
-1.0 45.0 47.0 -1.0 60.0 73.0 -1.0 -1.0 -1.0 -1.0 -1.0 74.0 -1.0 -1.0 -1.0 
-1.0 -1.0 32.0 56.0 -1.0 -1.0 -1.0 45.0 38.0 -1.0 -1.0 96.0 -1.0 -1.0 -1.0 
16.0 -1.0 62.0 40.0 -1.0 -1.0 69.0 73.0 57.0 69.0 -1.0 48.0 66.0 -1.0 -1.0 
27.0 23.0 -1.0 -1.0 61.0 -1.0 45.0 78.0 -1.0 23.0 34.0 12.0 -1.0 -1.0 69.0 
93.0 12.0 -1.0 27.0 10.0 46.0 58.0 72.0 63.0 -1.0 -1.0 47.0 -1.0 -1.0 -1.0 
44.0 27.0 27.0 45.0 68.0 64.0 -1.0 -1.0 -1.0 -1.0 -1.0 -1.0 -1.0 33.0 -1.0 
