***n m*** 
30 15 
***h*** 
5 8 7 11 9 5 7 14 12 15 7 6 13 13 14 10 10 8 6 14 6 5 12 10 5 14 5 9 15 8 
***d*** 
1380.05 209.93 1922.26 216.81 1952.05 1805.26 1432.47 1354.88 1311.55 919.36 1443.27 1399.24 1980.63 1604.65 895.36 1280.72 1492.34 216.5 1193.64 1360.0 1856.18 1189.62 2047.12 1548.82 1364.92 2001.13 1774.6 1522.19 2018.16 855.45 
***M*** 
14 8 10 1 2 
9 13 10 8 7 14 15 
14 9 13 6 15 12 
2 14 9 5 3 15 
15 2 8 4 11 12 3 9 
11 7 5 15 3 8 9 14 6 10 
9 1 14 13 15 2 4 10 7 5 
10 15 3 2 13 6 
12 14 1 11 13 3 
2 7 13 6 4 
2 1 4 7 9 
14 5 7 1 11 8 2 12 
10 14 9 4 3 7 15 1 11 
14 13 6 8 15 
15 8 9 10 13 
7 15 2 11 12 3 10 14 
4 11 12 5 14 2 6 
1 11 8 14 10 13 3 6 12 
13 6 4 11 8 
7 10 14 2 12 1 9 11 4 
1 4 10 8 5 15 14 2 
5 2 7 4 15 
5 6 11 8 12 
2 8 10 1 7 6 
3 1 6 10 5 11 
1 3 15 14 8 12 5 9 11 13 
15 3 1 13 9 5 
11 1 10 12 13 7 
13 12 5 9 4 6 11 2 7 
12 4 15 6 7 8 1 14 5 
3 15 4 9 5 13 12 14 6 8 
3 15 5 6 14 4 8 
15 3 14 13 6 
10 5 11 9 2 6 
11 14 9 6 4 
15 8 3 7 11 5 12 1 13 
1 5 8 3 14 7 13 9 15 
3 5 6 2 7 4 10 13 1 
5 14 8 2 11 
3 7 12 2 5 13 10 1 11 4 
11 5 9 3 8 13 2 12 14 
8 14 2 4 6 9 7 15 3 10 
15 6 5 8 9 3 2 
3 5 13 7 4 14 6 8 
2 15 3 14 8 10 13 
12 4 5 14 1 8 15 2 10 6 
9 12 3 13 1 2 10 
8 3 7 5 15 9 6 1 
8 2 5 11 15 6 
14 13 2 11 12 8 
3 4 7 9 6 11 1 5 
10 7 13 3 12 2 6 
7 14 5 12 9 
9 12 10 7 4 5 6 8 2 
3 10 9 8 2 14 11 4 
5 9 14 12 3 15 
11 13 12 10 9 
7 12 9 6 1 15 14 13 
15 5 14 7 13 12 
1 15 12 3 2 10 13 6 4 
3 8 11 5 10 7 13 1 2 4 
14 8 5 10 12 9 1 
3 13 5 8 4 6 14 7 10 9 
7 1 3 10 5 2 8 
6 7 3 9 10 2 
12 5 9 13 11 15 7 3 6 
12 3 9 1 14 5 6 
10 9 12 8 1 14 3 13 
3 11 13 15 5 8 10 1 12 
10 1 4 14 8 
9 5 3 12 2 10 
10 6 7 9 4 15 
5 8 10 3 15 13 12 
11 14 4 6 2 8 13 5 12 7 
1 9 11 5 2 4 7 3 13 10 
8 5 15 9 7 14 11 13 
12 3 5 8 15 6 
2 9 3 10 1 13 
15 12 3 14 5 
11 10 8 14 12 5 15 2 7 
13 11 7 4 15 6 8 14 10 
9 14 12 11 3 7 8 4 13 
14 13 15 5 7 10 8 12 
11 9 13 4 12 7 8 3 
1 2 3 12 7 4 10 
7 12 8 6 9 15 2 10 14 
2 9 11 7 12 10 13 3 6 15 
4 1 15 5 12 
4 14 15 6 12 7 3 5 1 8 
7 15 8 13 6 14 1 3 12 5 
15 4 12 14 9 
15 2 9 13 5 11 1 3 12 6 
4 7 11 12 5 
14 2 3 15 13 
11 8 5 6 4 14 7 
4 5 3 14 15 11 
13 12 14 1 6 8 3 5 
6 1 2 4 10 7 12 8 5 
3 8 12 5 4 14 
5 3 9 14 12 7 4 15 
5 1 10 12 3 9 6 11 8 7 
8 15 3 2 9 
2 3 10 14 8 
3 4 9 6 10 14 7 11 15 
10 3 4 14 15 11 1 
10 6 15 9 4 
6 5 3 12 1 11 13 10 15 7 
9 13 10 7 5 11 
4 15 13 9 10 5 2 
6 1 13 4 10 11 9 14 15 
6 7 12 8 13 15 
2 1 8 10 9 13 12 3 
15 3 1 14 10 13 6 8 2 
1 6 11 15 7 
5 7 6 14 1 
14 4 7 9 2 13 
2 1 13 6 4 11 10 3 15 
5 6 10 12 1 7 
14 1 11 15 8 
2 3 15 8 4 6 
5 11 2 8 15 6 12 10 
12 10 3 1 14 8 
6 2 7 11 15 9 14 
2 11 15 7 1 8 3 14 9 
4 14 5 15 9 
1 12 3 4 2 6 15 11 7 
15 13 7 9 5 2 10 
8 15 13 11 14 3 1 4 12 5 
9 3 11 10 5 2 7 15 
5 13 15 7 4 1 
2 4 9 14 1 3 
11 15 8 6 12 
1 12 15 7 9 5 3 13 10 
3 4 11 15 12 5 2 9 
8 9 10 6 11 13 
11 1 2 14 7 3 4 8 10 
5 8 10 1 6 11 12 13 
3 5 8 7 4 6 13 10 
2 13 8 9 14 
13 10 8 7 12 1 9 11 
3 1 15 13 4 14 9 11 
4 2 14 15 8 13 10 6 11 
11 7 5 8 4 2 1 12 
3 13 1 12 15 
3 12 14 11 7 1 10 
4 1 7 6 10 
10 3 11 7 8 15 1 14 4 5 
13 3 2 15 1 7 9 
12 14 5 1 4 10 9 2 13 3 
13 8 11 15 4 12 3 10 5 2 
8 9 12 3 6 15 4 13 14 1 
1 13 12 8 9 3 5 11 
4 5 14 3 9 2 10 13 
6 3 4 13 12 9 8 2 
1 2 10 12 11 4 5 8 3 
11 10 12 3 8 2 7 15 5 
3 4 10 11 7 12 6 13 8 2 
15 1 11 2 7 
3 14 15 10 9 
6 5 2 9 11 8 
14 5 15 2 8 11 7 10 
7 3 12 2 5 15 13 9 
7 5 14 8 15 11 9 13 12 
9 2 12 7 14 6 13 11 8 10 
1 15 4 7 12 10 
5 13 3 12 6 15 10 14 
11 13 9 15 14 12 
7 2 12 4 8 9 
2 1 5 8 13 
15 6 5 14 2 12 7 1 3 8 
2 12 3 13 7 
9 10 7 8 11 1 14 5 12 2 
1 9 13 5 15 
13 7 1 6 14 
1 3 15 6 8 13 
5 12 10 9 15 4 14 
11 10 5 12 2 6 8 3 15 
6 7 13 8 2 9 1 
11 13 8 1 6 3 10 7 5 
5 3 4 14 6 13 15 9 
14 8 3 2 7 10 
2 15 4 1 7 9 6 5 
2 14 3 8 13 4 
6 8 7 11 12 15 4 14 
1 15 2 5 4 3 6 12 10 9 
1 12 15 2 6 11 8 14 4 
3 2 9 1 11 
5 13 9 2 1 
8 4 11 10 2 
5 8 10 6 3 7 
9 12 8 5 1 2 7 14 4 15 
7 10 12 13 4 11 3 8 14 1 
8 12 1 4 9 15 5 14 
14 10 8 11 9 
15 3 2 14 13 1 
2 8 3 4 13 
4 12 8 2 3 11 15 
7 13 10 3 9 1 14 
5 10 7 14 13 4 15 12 9 3 
1 11 2 14 12 4 15 13 
3 15 11 14 4 13 6 8 10 9 
6 11 4 10 15 12 13 1 
4 11 14 8 1 
1 13 6 14 5 
3 11 15 14 13 9 12 10 1 
5 7 10 11 4 9 8 1 
6 5 3 9 13 4 
2 13 5 3 12 9 11 7 1 8 
11 3 13 1 14 2 5 4 12 
2 13 15 1 7 6 9 8 
6 11 2 12 5 15 14 7 
11 14 15 13 6 
3 12 6 14 2 7 9 11 8 
11 14 15 3 4 
15 8 4 1 14 3 
7 3 5 13 15 1 
8 14 1 11 9 6 13 
11 9 4 7 1 2 3 
11 1 10 8 6 7 4 14 9 12 
5 9 6 12 13 4 11 8 2 
14 9 4 2 1 
14 9 2 1 13 12 
11 8 14 6 4 15 3 5 2 13 
9 14 12 1 2 13 10 7 5 6 
2 3 8 5 4 15 
12 13 4 7 2 
8 3 6 10 13 9 7 11 15 
11 14 6 5 7 10 2 12 8 13 
4 8 13 10 1 9 14 
3 6 1 13 15 
2 11 13 15 5 3 
6 1 15 3 7 5 
3 8 2 13 9 14 10 11 6 
5 6 12 8 11 9 1 
4 11 14 10 9 8 7 
3 4 12 7 9 14 13 
5 6 13 15 14 11 1 12 8 
12 8 15 9 4 11 14 1 6 5 
7 11 3 15 4 12 9 14 
2 4 1 5 13 9 15 
12 4 6 10 13 7 3 5 14 9 
7 10 2 1 11 9 14 
14 4 1 13 15 10 2 11 12 
11 5 14 3 15 9 8 4 
6 2 1 13 12 11 10 9 
13 6 11 12 4 15 5 3 2 
8 11 2 14 12 
6 7 11 12 2 10 1 4 9 
8 4 10 5 1 
2 13 8 1 11 10 6 7 12 
15 11 3 14 1 
10 3 6 11 13 8 
5 11 13 15 4 1 12 9 
1 15 7 10 4 12 
7 2 6 8 9 3 15 1 
7 2 10 9 12 5 11 4 
3 1 5 8 6 11 7 9 2 
15 14 11 12 4 9 10 2 
10 5 1 4 14 15 13 
4 11 10 8 3 5 7 9 
6 13 11 10 5 4 14 
12 13 3 7 15 4 
5 15 8 1 14 
1 4 11 13 5 6 
9 1 11 8 3 6 12 7 10 13 
2 11 15 4 3 7 13 10 6 
9 4 12 5 2 10 6 15 
15 13 4 3 12 14 8 10 
15 3 12 9 10 5 8 2 
14 4 1 12 15 8 10 2 3 9 
10 9 1 11 5 7 6 2 
14 13 12 4 15 10 
7 12 4 13 14 11 3 
11 5 9 13 8 14 15 4 12 
6 14 9 12 15 1 3 10 13 11 
15 8 10 13 2 3 7 4 14 11 
6 2 11 3 8 14 12 
11 13 8 15 5 10 
4 5 1 10 8 7 14 
7 1 12 10 3 9 5 
5 4 15 13 8 10 6 7 3 11 
14 6 9 13 15 1 2 11 
14 9 2 13 10 1 
***P*** 
87.0 91.0 -1.0 -1.0 -1.0 -1.0 -1.0 72.0 -1.0 87.0 -1.0 -1.0 -1.0 83.0 -1.0 
-1.0 -1.0 -1.0 -1.0 -1.0 -1.0 46.0 19.0 23.0 20.0 -1.0 -1.0 59.0 21.0 31.0 
-1.0 -1.0 -1.0 -1.0 -1.0 13.0 -1.0 -1.0 65.0 -1.0 -1.0 23.0 34.0 36.0 28.0 
-1.0 12.0 75.0 -1.0 29.0 -1.0 -1.0 -1.0 58.0 -1.0 -1.0 -1.0 -1.0 37.0 35.0 
-1.0 91.0 13.0 63.0 -1.0 -1.0 -1.0 76.0 70.0 -1.0 68.0 22.0 -1.0 -1.0 30.0 
-1.0 -1.0 23.0 -1.0 23.0 99.0 29.0 93.0 55.0 44.0 83.0 -1.0 -1.0 25.0 12.0 
37.0 28.0 -1.0 39.0 98.0 -1.0 88.0 -1.0 22.0 34.0 -1.0 -1.0 21.0 65.0 88.0 
-1.0 65.0 59.0 -1.0 -1.0 30.0 -1.0 -1.0 -1.0 11.0 -1.0 -1.0 79.0 -1.0 80.0 
55.0 -1.0 45.0 -1.0 -1.0 -1.0 -1.0 -1.0 -1.0 -1.0 28.0 22.0 23.0 29.0 -1.0 
-1.0 72.0 -1.0 76.0 -1.0 12.0 74.0 -1.0 -1.0 -1.0 -1.0 -1.0 74.0 -1.0 -1.0 
97.0 14.0 -1.0 50.0 -1.0 -1.0 41.0 -1.0 47.0 -1.0 -1.0 -1.0 -1.0 -1.0 -1.0 
48.0 80.0 -1.0 -1.0 37.0 -1.0 87.0 96.0 -1.0 -1.0 63.0 92.0 -1.0 44.0 -1.0 
37.0 -1.0 81.0 93.0 -1.0 -1.0 45.0 -1.0 60.0 23.0 47.0 -1.0 -1.0 17.0 40.0 
-1.0 -1.0 -1.0 -1.0 -1.0 75.0 -1.0 58.0 -1.0 -1.0 -1.0 -1.0 64.0 27.0 94.0 
-1.0 -1.0 -1.0 -1.0 -1.0 -1.0 -1.0 84.0 95.0 59.0 -1.0 -1.0 77.0 -1.0 28.0 
-1.0 85.0 46.0 -1.0 -1.0 -1.0 19.0 -1.0 -1.0 75.0 52.0 66.0 -1.0 18.0 77.0 
-1.0 19.0 -1.0 98.0 95.0 84.0 -1.0 -1.0 -1.0 -1.0 44.0 95.0 -1.0 60.0 -1.0 
20.0 -1.0 100.0 -1.0 -1.0 41.0 -1.0 83.0 -1.0 74.0 85.0 49.0 99.0 10.0 -1.0 
-1.0 -1.0 -1.0 69.0 -1.0 11.0 -1.0 54.0 -1.0 -1.0 51.0 -1.0 10.0 -1.0 -1.0 
39.0 100.0 -1.0 20.0 -1.0 -1.0 54.0 -1.0 89.0 38.0 67.0 93.0 -1.0 47.0 -1.0 
53.0 13.0 -1.0 91.0 36.0 -1.0 -1.0 41.0 -1.0 39.0 -1.0 -1.0 -1.0 72.0 41.0 
-1.0 54.0 -1.0 97.0 50.0 -1.0 19.0 -1.0 -1.0 -1.0 -1.0 -1.0 -1.0 -1.0 98.0 
-1.0 -1.0 -1.0 -1.0 78.0 95.0 -1.0 26.0 -1.0 -1.0 64.0 95.0 -1.0 -1.0 -1.0 
36.0 23.0 -1.0 -1.0 -1.0 80.0 56.0 45.0 -1.0 49.0 -1.0 -1.0 -1.0 -1.0 -1.0 
16.0 -1.0 25.0 -1.0 86.0 85.0 -1.0 -1.0 -1.0 55.0 80.0 -1.0 -1.0 -1.0 -1.0 
14.0 -1.0 87.0 -1.0 84.0 -1.0 -1.0 54.0 97.0 -1.0 48.0 17.0 57.0 97.0 39.0 
79.0 -1.0 35.0 -1.0 21.0 -1.0 -1.0 -1.0 14.0 -1.0 -1.0 -1.0 89.0 -1.0 15.0 
84.0 -1.0 -1.0 -1.0 -1.0 -1.0 11.0 -1.0 -1.0 81.0 78.0 32.0 86.0 -1.0 -1.0 
-1.0 17.0 -1.0 28.0 15.0 84.0 76.0 -1.0 30.0 -1.0 63.0 73.0 26.0 -1.0 -1.0 
65.0 -1.0 -1.0 32.0 54.0 21.0 16.0 17.0 -1.0 -1.0 -1.0 60.0 -1.0 81.0 61.0 
-1.0 -1.0 84.0 99.0 44.0 89.0 -1.0 69.0 87.0 -1.0 -1.0 61.0 23.0 20.0 14.0 
-1.0 -1.0 60.0 23.0 56.0 37.0 -1.0 86.0 -1.0 -1.0 -1.0 -1.0 -1.0 81.0 34.0 
-1.0 -1.0 79.0 -1.0 -1.0 31.0 -1.0 -1.0 -1.0 -1.0 -1.0 -1.0 86.0 48.0 12.0 
-1.0 18.0 -1.0 -1.0 67.0 32.0 -1.0 -1.0 11.0 68.0 90.0 -1.0 -1.0 -1.0 -1.0 
-1.0 -1.0 -1.0 15.0 -1.0 45.0 -1.0 -1.0 55.0 -1.0 98.0 -1.0 -1.0 59.0 -1.0 
51.0 -1.0 17.0 -1.0 65.0 -1.0 53.0 98.0 -1.0 -1.0 23.0 82.0 84.0 -1.0 88.0 
50.0 -1.0 89.0 -1.0 93.0 -1.0 91.0 88.0 69.0 -1.0 -1.0 -1.0 28.0 36.0 21.0 
17.0 95.0 25.0 89.0 94.0 39.0 18.0 -1.0 -1.0 10.0 -1.0 -1.0 81.0 -1.0 -1.0 
-1.0 80.0 -1.0 -1.0 75.0 -1.0 -1.0 52.0 -1.0 -1.0 88.0 -1.0 -1.0 97.0 -1.0 
34.0 84.0 67.0 95.0 30.0 -1.0 68.0 -1.0 -1.0 69.0 20.0 12.0 93.0 -1.0 -1.0 
-1.0 15.0 88.0 -1.0 12.0 -1.0 -1.0 76.0 16.0 -1.0 63.0 44.0 90.0 81.0 -1.0 
-1.0 96.0 19.0 39.0 -1.0 18.0 86.0 41.0 55.0 25.0 -1.0 -1.0 -1.0 62.0 79.0 
-1.0 19.0 27.0 -1.0 43.0 73.0 -1.0 10.0 73.0 -1.0 -1.0 -1.0 -1.0 -1.0 60.0 
-1.0 -1.0 74.0 33.0 47.0 77.0 42.0 53.0 -1.0 -1.0 -1.0 -1.0 96.0 74.0 -1.0 
-1.0 54.0 32.0 -1.0 -1.0 -1.0 -1.0 34.0 -1.0 33.0 -1.0 -1.0 46.0 58.0 41.0 
29.0 43.0 -1.0 29.0 39.0 26.0 -1.0 12.0 -1.0 14.0 -1.0 21.0 -1.0 30.0 20.0 
17.0 85.0 46.0 -1.0 -1.0 -1.0 -1.0 -1.0 34.0 63.0 -1.0 100.0 96.0 -1.0 -1.0 
88.0 -1.0 93.0 -1.0 61.0 49.0 71.0 69.0 100.0 -1.0 -1.0 -1.0 -1.0 -1.0 84.0 
-1.0 17.0 -1.0 -1.0 44.0 55.0 -1.0 23.0 -1.0 -1.0 14.0 -1.0 -1.0 -1.0 87.0 
-1.0 65.0 -1.0 -1.0 -1.0 -1.0 -1.0 99.0 -1.0 -1.0 57.0 81.0 88.0 79.0 -1.0 
80.0 -1.0 81.0 60.0 69.0 43.0 38.0 -1.0 37.0 -1.0 79.0 -1.0 -1.0 -1.0 -1.0 
-1.0 71.0 16.0 -1.0 -1.0 48.0 45.0 -1.0 -1.0 47.0 -1.0 35.0 83.0 -1.0 -1.0 
-1.0 -1.0 -1.0 -1.0 39.0 -1.0 44.0 -1.0 90.0 -1.0 -1.0 38.0 -1.0 20.0 -1.0 
-1.0 34.0 -1.0 83.0 40.0 66.0 49.0 63.0 39.0 15.0 -1.0 99.0 -1.0 -1.0 -1.0 
-1.0 55.0 40.0 69.0 -1.0 -1.0 -1.0 17.0 55.0 47.0 91.0 -1.0 -1.0 27.0 -1.0 
-1.0 -1.0 42.0 -1.0 59.0 -1.0 -1.0 -1.0 87.0 -1.0 -1.0 74.0 -1.0 27.0 29.0 
-1.0 -1.0 -1.0 -1.0 -1.0 -1.0 -1.0 -1.0 80.0 20.0 47.0 67.0 52.0 -1.0 -1.0 
31.0 -1.0 -1.0 -1.0 -1.0 62.0 10.0 -1.0 18.0 -1.0 -1.0 93.0 53.0 56.0 13.0 
-1.0 -1.0 -1.0 -1.0 75.0 -1.0 39.0 -1.0 -1.0 -1.0 -1.0 32.0 33.0 19.0 45.0 
51.0 79.0 46.0 66.0 -1.0 91.0 -1.0 -1.0 -1.0 20.0 -1.0 56.0 69.0 -1.0 22.0 
96.0 81.0 60.0 84.0 95.0 -1.0 66.0 21.0 -1.0 29.0 39.0 -1.0 17.0 -1.0 -1.0 
90.0 -1.0 -1.0 -1.0 25.0 -1.0 -1.0 36.0 10.0 70.0 -1.0 59.0 -1.0 59.0 -1.0 
-1.0 -1.0 61.0 10.0 89.0 55.0 85.0 45.0 15.0 77.0 -1.0 -1.0 80.0 45.0 -1.0 
36.0 73.0 10.0 -1.0 80.0 -1.0 63.0 30.0 -1.0 53.0 -1.0 -1.0 -1.0 -1.0 -1.0 
-1.0 23.0 52.0 -1.0 -1.0 69.0 66.0 -1.0 28.0 46.0 -1.0 -1.0 -1.0 -1.0 -1.0 
-1.0 -1.0 73.0 -1.0 86.0 18.0 70.0 -1.0 76.0 -1.0 52.0 77.0 25.0 -1.0 26.0 
60.0 -1.0 26.0 -1.0 86.0 21.0 -1.0 -1.0 26.0 -1.0 -1.0 84.0 -1.0 17.0 -1.0 
84.0 -1.0 90.0 -1.0 -1.0 -1.0 -1.0 16.0 31.0 61.0 -1.0 49.0 66.0 60.0 -1.0 
32.0 -1.0 80.0 -1.0 75.0 -1.0 -1.0 100.0 -1.0 11.0 86.0 19.0 75.0 -1.0 96.0 
100.0 -1.0 -1.0 39.0 -1.0 -1.0 -1.0 97.0 -1.0 53.0 -1.0 -1.0 -1.0 41.0 -1.0 
-1.0 63.0 41.0 -1.0 38.0 -1.0 -1.0 -1.0 52.0 55.0 -1.0 69.0 -1.0 -1.0 -1.0 
-1.0 -1.0 -1.0 65.0 -1.0 43.0 79.0 -1.0 100.0 35.0 -1.0 -1.0 -1.0 -1.0 39.0 
-1.0 -1.0 37.0 -1.0 22.0 -1.0 -1.0 51.0 -1.0 70.0 -1.0 60.0 10.0 -1.0 33.0 
-1.0 38.0 -1.0 63.0 76.0 67.0 69.0 100.0 -1.0 -1.0 19.0 85.0 53.0 74.0 -1.0 
21.0 66.0 34.0 75.0 24.0 -1.0 16.0 -1.0 96.0 60.0 19.0 -1.0 65.0 -1.0 -1.0 
-1.0 -1.0 -1.0 -1.0 65.0 -1.0 15.0 56.0 46.0 -1.0 66.0 -1.0 35.0 96.0 93.0 
-1.0 -1.0 14.0 -1.0 22.0 21.0 -1.0 84.0 -1.0 -1.0 -1.0 11.0 -1.0 -1.0 40.0 
42.0 22.0 14.0 -1.0 -1.0 -1.0 -1.0 -1.0 80.0 98.0 -1.0 -1.0 31.0 -1.0 -1.0 
-1.0 -1.0 36.0 -1.0 98.0 -1.0 -1.0 -1.0 -1.0 -1.0 -1.0 86.0 -1.0 69.0 11.0 
-1.0 43.0 -1.0 -1.0 24.0 -1.0 24.0 91.0 -1.0 82.0 62.0 25.0 -1.0 98.0 18.0 
-1.0 -1.0 -1.0 93.0 -1.0 49.0 58.0 94.0 -1.0 13.0 69.0 -1.0 99.0 93.0 74.0 
-1.0 -1.0 29.0 30.0 -1.0 -1.0 51.0 94.0 55.0 -1.0 89.0 36.0 40.0 57.0 -1.0 
-1.0 -1.0 -1.0 -1.0 77.0 -1.0 55.0 55.0 -1.0 70.0 -1.0 43.0 21.0 18.0 100.0 
-1.0 -1.0 31.0 68.0 -1.0 -1.0 21.0 85.0 15.0 -1.0 27.0 69.0 66.0 -1.0 -1.0 
52.0 43.0 70.0 81.0 -1.0 -1.0 52.0 -1.0 -1.0 74.0 -1.0 34.0 -1.0 -1.0 -1.0 
-1.0 81.0 -1.0 -1.0 -1.0 42.0 86.0 89.0 65.0 93.0 -1.0 20.0 -1.0 95.0 36.0 
-1.0 84.0 83.0 -1.0 -1.0 42.0 49.0 -1.0 71.0 33.0 17.0 19.0 68.0 -1.0 62.0 
36.0 -1.0 -1.0 65.0 97.0 -1.0 -1.0 -1.0 -1.0 -1.0 -1.0 28.0 -1.0 -1.0 77.0 
95.0 -1.0 72.0 15.0 13.0 89.0 33.0 40.0 -1.0 -1.0 -1.0 44.0 -1.0 65.0 14.0 
18.0 -1.0 20.0 -1.0 51.0 15.0 48.0 36.0 -1.0 -1.0 -1.0 46.0 46.0 16.0 77.0 
-1.0 -1.0 -1.0 15.0 -1.0 -1.0 -1.0 -1.0 87.0 -1.0 -1.0 44.0 -1.0 42.0 49.0 
43.0 66.0 80.0 -1.0 16.0 84.0 -1.0 -1.0 66.0 -1.0 54.0 15.0 87.0 -1.0 64.0 
-1.0 -1.0 -1.0 46.0 22.0 -1.0 78.0 -1.0 -1.0 -1.0 18.0 100.0 -1.0 -1.0 -1.0 
-1.0 47.0 92.0 -1.0 -1.0 -1.0 -1.0 -1.0 -1.0 -1.0 -1.0 -1.0 71.0 12.0 48.0 
-1.0 -1.0 -1.0 53.0 11.0 77.0 15.0 80.0 -1.0 -1.0 98.0 -1.0 -1.0 22.0 -1.0 
-1.0 -1.0 22.0 32.0 42.0 -1.0 -1.0 -1.0 -1.0 -1.0 87.0 -1.0 -1.0 84.0 100.0 
53.0 -1.0 78.0 -1.0 34.0 41.0 -1.0 91.0 -1.0 -1.0 -1.0 16.0 79.0 55.0 -1.0 
12.0 54.0 -1.0 97.0 23.0 91.0 86.0 19.0 -1.0 88.0 -1.0 79.0 -1.0 -1.0 -1.0 
-1.0 -1.0 75.0 29.0 10.0 -1.0 -1.0 58.0 -1.0 -1.0 -1.0 46.0 -1.0 98.0 -1.0 
-1.0 -1.0 21.0 61.0 17.0 -1.0 40.0 -1.0 90.0 -1.0 -1.0 92.0 -1.0 65.0 94.0 
79.0 -1.0 54.0 -1.0 41.0 43.0 37.0 24.0 34.0 14.0 11.0 56.0 -1.0 -1.0 -1.0 
-1.0 12.0 83.0 -1.0 -1.0 -1.0 -1.0 84.0 92.0 -1.0 -1.0 -1.0 -1.0 -1.0 29.0 
-1.0 88.0 11.0 -1.0 -1.0 -1.0 -1.0 60.0 -1.0 14.0 -1.0 -1.0 -1.0 70.0 -1.0 
-1.0 -1.0 85.0 99.0 -1.0 95.0 47.0 -1.0 88.0 67.0 76.0 -1.0 -1.0 68.0 42.0 
86.0 -1.0 15.0 22.0 -1.0 -1.0 -1.0 -1.0 -1.0 47.0 96.0 -1.0 -1.0 10.0 87.0 
-1.0 -1.0 -1.0 25.0 -1.0 37.0 -1.0 -1.0 79.0 65.0 -1.0 -1.0 -1.0 -1.0 14.0 
70.0 -1.0 60.0 -1.0 81.0 90.0 19.0 -1.0 -1.0 20.0 47.0 45.0 21.0 -1.0 65.0 
-1.0 -1.0 -1.0 -1.0 54.0 -1.0 17.0 -1.0 24.0 48.0 24.0 -1.0 66.0 -1.0 -1.0 
-1.0 48.0 -1.0 70.0 53.0 -1.0 -1.0 -1.0 95.0 11.0 -1.0 -1.0 11.0 -1.0 34.0 
65.0 -1.0 -1.0 46.0 -1.0 43.0 -1.0 -1.0 17.0 16.0 18.0 -1.0 21.0 10.0 60.0 
-1.0 -1.0 -1.0 -1.0 -1.0 88.0 95.0 83.0 -1.0 -1.0 -1.0 17.0 44.0 -1.0 92.0 
66.0 92.0 17.0 -1.0 -1.0 -1.0 -1.0 41.0 90.0 74.0 -1.0 26.0 69.0 -1.0 -1.0 
57.0 80.0 95.0 -1.0 -1.0 51.0 -1.0 28.0 -1.0 78.0 -1.0 -1.0 20.0 16.0 25.0 
67.0 -1.0 -1.0 -1.0 -1.0 40.0 26.0 -1.0 -1.0 -1.0 42.0 -1.0 -1.0 -1.0 36.0 
82.0 -1.0 -1.0 -1.0 68.0 99.0 31.0 -1.0 -1.0 -1.0 -1.0 -1.0 -1.0 45.0 -1.0 
-1.0 37.0 -1.0 87.0 -1.0 -1.0 77.0 -1.0 79.0 -1.0 -1.0 -1.0 57.0 40.0 -1.0 
80.0 35.0 72.0 44.0 -1.0 55.0 -1.0 -1.0 -1.0 70.0 56.0 -1.0 95.0 -1.0 83.0 
63.0 -1.0 -1.0 -1.0 86.0 39.0 48.0 -1.0 -1.0 76.0 -1.0 84.0 -1.0 -1.0 -1.0 
38.0 -1.0 -1.0 -1.0 -1.0 -1.0 -1.0 76.0 -1.0 -1.0 33.0 -1.0 -1.0 53.0 12.0 
-1.0 45.0 86.0 29.0 -1.0 25.0 -1.0 13.0 -1.0 -1.0 -1.0 -1.0 -1.0 -1.0 79.0 
-1.0 85.0 -1.0 -1.0 15.0 15.0 -1.0 74.0 -1.0 18.0 52.0 53.0 -1.0 -1.0 93.0 
91.0 -1.0 91.0 -1.0 -1.0 -1.0 -1.0 63.0 -1.0 70.0 -1.0 31.0 -1.0 24.0 -1.0 
-1.0 84.0 -1.0 -1.0 -1.0 13.0 26.0 -1.0 55.0 -1.0 78.0 -1.0 -1.0 40.0 19.0 
27.0 64.0 10.0 -1.0 -1.0 -1.0 82.0 79.0 33.0 -1.0 80.0 -1.0 -1.0 61.0 83.0 
-1.0 -1.0 -1.0 74.0 86.0 -1.0 -1.0 -1.0 90.0 -1.0 -1.0 -1.0 -1.0 27.0 92.0 
25.0 61.0 37.0 53.0 -1.0 98.0 17.0 -1.0 -1.0 -1.0 90.0 73.0 -1.0 -1.0 10.0 
-1.0 32.0 -1.0 -1.0 73.0 -1.0 82.0 -1.0 25.0 85.0 -1.0 -1.0 30.0 -1.0 95.0 
31.0 -1.0 33.0 11.0 70.0 -1.0 -1.0 12.0 -1.0 -1.0 85.0 35.0 48.0 13.0 36.0 
-1.0 49.0 67.0 -1.0 18.0 -1.0 67.0 -1.0 59.0 18.0 90.0 -1.0 -1.0 -1.0 90.0 
68.0 -1.0 -1.0 38.0 39.0 -1.0 44.0 -1.0 -1.0 -1.0 -1.0 -1.0 62.0 -1.0 85.0 
89.0 53.0 12.0 94.0 -1.0 -1.0 -1.0 -1.0 40.0 -1.0 -1.0 -1.0 -1.0 43.0 -1.0 
-1.0 -1.0 -1.0 -1.0 -1.0 67.0 -1.0 72.0 -1.0 -1.0 13.0 63.0 -1.0 -1.0 79.0 
13.0 -1.0 97.0 -1.0 47.0 -1.0 26.0 -1.0 84.0 41.0 -1.0 39.0 96.0 -1.0 74.0 
-1.0 42.0 83.0 59.0 83.0 -1.0 -1.0 -1.0 31.0 -1.0 59.0 91.0 -1.0 -1.0 76.0 
-1.0 -1.0 -1.0 -1.0 -1.0 68.0 -1.0 43.0 82.0 17.0 14.0 -1.0 16.0 -1.0 -1.0 
93.0 35.0 36.0 96.0 -1.0 -1.0 60.0 85.0 -1.0 55.0 37.0 -1.0 -1.0 96.0 -1.0 
62.0 -1.0 -1.0 -1.0 20.0 85.0 -1.0 75.0 -1.0 77.0 91.0 46.0 83.0 -1.0 -1.0 
-1.0 -1.0 49.0 32.0 18.0 43.0 37.0 56.0 -1.0 34.0 -1.0 -1.0 80.0 -1.0 -1.0 
-1.0 59.0 -1.0 -1.0 -1.0 -1.0 -1.0 20.0 91.0 -1.0 -1.0 -1.0 15.0 26.0 -1.0 
12.0 -1.0 -1.0 -1.0 -1.0 -1.0 93.0 50.0 90.0 27.0 85.0 22.0 62.0 -1.0 -1.0 
17.0 -1.0 35.0 86.0 -1.0 -1.0 -1.0 -1.0 77.0 -1.0 20.0 -1.0 75.0 44.0 97.0 
-1.0 45.0 -1.0 21.0 -1.0 82.0 -1.0 83.0 -1.0 86.0 10.0 -1.0 70.0 81.0 23.0 
98.0 71.0 -1.0 67.0 68.0 -1.0 80.0 74.0 -1.0 -1.0 55.0 91.0 -1.0 -1.0 -1.0 
79.0 -1.0 36.0 -1.0 -1.0 -1.0 -1.0 -1.0 -1.0 -1.0 -1.0 30.0 35.0 -1.0 17.0 
77.0 -1.0 96.0 -1.0 -1.0 -1.0 21.0 -1.0 -1.0 46.0 61.0 26.0 -1.0 80.0 -1.0 
72.0 -1.0 -1.0 65.0 -1.0 15.0 79.0 -1.0 -1.0 15.0 -1.0 -1.0 -1.0 -1.0 -1.0 
10.0 -1.0 27.0 49.0 43.0 -1.0 15.0 77.0 -1.0 16.0 26.0 -1.0 -1.0 71.0 51.0 
14.0 34.0 63.0 -1.0 -1.0 -1.0 72.0 -1.0 95.0 -1.0 -1.0 -1.0 45.0 -1.0 91.0 
90.0 14.0 11.0 30.0 66.0 -1.0 -1.0 -1.0 50.0 66.0 -1.0 25.0 18.0 11.0 -1.0 
-1.0 71.0 47.0 42.0 96.0 -1.0 -1.0 47.0 -1.0 60.0 57.0 58.0 80.0 -1.0 41.0 
42.0 -1.0 54.0 96.0 -1.0 61.0 -1.0 15.0 54.0 -1.0 -1.0 16.0 48.0 27.0 97.0 
72.0 -1.0 47.0 -1.0 64.0 -1.0 -1.0 68.0 100.0 -1.0 33.0 51.0 33.0 -1.0 -1.0 
-1.0 85.0 92.0 81.0 90.0 -1.0 -1.0 -1.0 66.0 58.0 -1.0 -1.0 93.0 51.0 -1.0 
-1.0 62.0 52.0 58.0 -1.0 20.0 -1.0 52.0 48.0 -1.0 -1.0 93.0 92.0 -1.0 -1.0 
13.0 86.0 34.0 66.0 13.0 -1.0 -1.0 88.0 -1.0 60.0 50.0 49.0 -1.0 -1.0 -1.0 
-1.0 14.0 67.0 -1.0 11.0 -1.0 93.0 50.0 -1.0 89.0 82.0 19.0 -1.0 -1.0 91.0 
-1.0 59.0 73.0 79.0 -1.0 24.0 44.0 72.0 -1.0 80.0 44.0 63.0 89.0 -1.0 -1.0 
89.0 84.0 -1.0 -1.0 -1.0 -1.0 15.0 -1.0 -1.0 -1.0 44.0 -1.0 -1.0 -1.0 91.0 
-1.0 -1.0 33.0 -1.0 -1.0 -1.0 -1.0 -1.0 21.0 43.0 -1.0 -1.0 -1.0 63.0 27.0 
-1.0 17.0 -1.0 -1.0 81.0 98.0 -1.0 18.0 62.0 -1.0 34.0 -1.0 -1.0 -1.0 -1.0 
-1.0 83.0 -1.0 -1.0 39.0 -1.0 62.0 61.0 -1.0 90.0 45.0 -1.0 -1.0 62.0 32.0 
-1.0 32.0 70.0 -1.0 89.0 -1.0 93.0 -1.0 71.0 -1.0 -1.0 30.0 23.0 -1.0 95.0 
-1.0 -1.0 -1.0 -1.0 87.0 -1.0 37.0 73.0 58.0 -1.0 33.0 70.0 77.0 14.0 30.0 
-1.0 50.0 -1.0 -1.0 -1.0 23.0 64.0 21.0 69.0 40.0 75.0 12.0 81.0 22.0 -1.0 
14.0 -1.0 -1.0 99.0 -1.0 -1.0 59.0 -1.0 -1.0 10.0 -1.0 72.0 -1.0 -1.0 58.0 
-1.0 -1.0 29.0 -1.0 88.0 41.0 -1.0 -1.0 -1.0 28.0 -1.0 80.0 47.0 51.0 45.0 
-1.0 -1.0 -1.0 -1.0 -1.0 -1.0 -1.0 -1.0 90.0 -1.0 68.0 19.0 34.0 52.0 85.0 
-1.0 99.0 -1.0 26.0 -1.0 -1.0 46.0 20.0 95.0 -1.0 -1.0 34.0 -1.0 -1.0 -1.0 
41.0 32.0 -1.0 -1.0 48.0 -1.0 -1.0 80.0 -1.0 -1.0 -1.0 -1.0 85.0 -1.0 -1.0 
67.0 95.0 21.0 -1.0 43.0 71.0 56.0 42.0 -1.0 -1.0 -1.0 47.0 -1.0 71.0 64.0 
-1.0 95.0 59.0 -1.0 -1.0 -1.0 47.0 -1.0 -1.0 -1.0 -1.0 45.0 24.0 -1.0 -1.0 
11.0 28.0 -1.0 -1.0 76.0 -1.0 42.0 74.0 92.0 87.0 74.0 19.0 -1.0 14.0 -1.0 
55.0 -1.0 -1.0 -1.0 67.0 -1.0 -1.0 -1.0 87.0 -1.0 -1.0 -1.0 84.0 -1.0 86.0 
76.0 -1.0 -1.0 -1.0 -1.0 23.0 33.0 -1.0 -1.0 -1.0 -1.0 -1.0 61.0 88.0 -1.0 
61.0 -1.0 28.0 -1.0 -1.0 45.0 -1.0 69.0 -1.0 -1.0 -1.0 -1.0 27.0 -1.0 57.0 
-1.0 -1.0 -1.0 100.0 58.0 -1.0 -1.0 -1.0 48.0 29.0 -1.0 96.0 -1.0 21.0 13.0 
-1.0 62.0 87.0 -1.0 71.0 46.0 -1.0 18.0 -1.0 88.0 62.0 13.0 -1.0 -1.0 68.0 
23.0 65.0 -1.0 -1.0 -1.0 26.0 60.0 97.0 49.0 -1.0 -1.0 -1.0 10.0 -1.0 -1.0 
21.0 -1.0 39.0 -1.0 36.0 76.0 49.0 64.0 -1.0 44.0 93.0 -1.0 75.0 -1.0 -1.0 
-1.0 -1.0 59.0 81.0 35.0 96.0 -1.0 -1.0 54.0 -1.0 -1.0 -1.0 97.0 38.0 72.0 
-1.0 75.0 48.0 -1.0 -1.0 -1.0 98.0 62.0 -1.0 46.0 -1.0 -1.0 -1.0 83.0 -1.0 
53.0 95.0 -1.0 92.0 62.0 45.0 66.0 -1.0 81.0 -1.0 -1.0 -1.0 -1.0 -1.0 83.0 
-1.0 86.0 14.0 36.0 -1.0 -1.0 -1.0 20.0 -1.0 -1.0 -1.0 -1.0 28.0 57.0 -1.0 
-1.0 -1.0 -1.0 97.0 -1.0 19.0 80.0 48.0 -1.0 -1.0 63.0 57.0 -1.0 95.0 77.0 
16.0 87.0 39.0 44.0 29.0 43.0 -1.0 -1.0 32.0 19.0 -1.0 88.0 -1.0 -1.0 28.0 
76.0 24.0 -1.0 11.0 -1.0 80.0 -1.0 53.0 -1.0 -1.0 99.0 45.0 -1.0 42.0 30.0 
21.0 84.0 18.0 -1.0 -1.0 -1.0 -1.0 -1.0 86.0 -1.0 51.0 -1.0 -1.0 -1.0 -1.0 
82.0 21.0 -1.0 -1.0 79.0 -1.0 -1.0 -1.0 10.0 -1.0 -1.0 -1.0 22.0 -1.0 -1.0 
-1.0 35.0 -1.0 25.0 -1.0 -1.0 -1.0 16.0 -1.0 60.0 37.0 -1.0 -1.0 -1.0 -1.0 
-1.0 -1.0 82.0 -1.0 23.0 87.0 73.0 71.0 -1.0 61.0 -1.0 -1.0 -1.0 -1.0 -1.0 
84.0 73.0 -1.0 49.0 71.0 -1.0 39.0 69.0 25.0 -1.0 -1.0 13.0 -1.0 54.0 59.0 
89.0 -1.0 92.0 75.0 -1.0 -1.0 74.0 41.0 -1.0 80.0 67.0 75.0 13.0 22.0 -1.0 
72.0 -1.0 -1.0 38.0 10.0 -1.0 -1.0 60.0 100.0 -1.0 -1.0 18.0 -1.0 94.0 100.0 
-1.0 -1.0 -1.0 -1.0 -1.0 -1.0 -1.0 66.0 69.0 24.0 50.0 -1.0 -1.0 68.0 -1.0 
59.0 51.0 20.0 -1.0 -1.0 -1.0 -1.0 -1.0 -1.0 -1.0 -1.0 -1.0 75.0 10.0 27.0 
-1.0 54.0 64.0 17.0 -1.0 -1.0 -1.0 22.0 -1.0 -1.0 -1.0 -1.0 88.0 -1.0 -1.0 
-1.0 94.0 81.0 18.0 -1.0 -1.0 -1.0 22.0 -1.0 -1.0 35.0 47.0 -1.0 -1.0 72.0 
97.0 -1.0 33.0 -1.0 -1.0 -1.0 77.0 -1.0 56.0 42.0 -1.0 -1.0 50.0 37.0 -1.0 
-1.0 -1.0 22.0 58.0 14.0 -1.0 80.0 -1.0 72.0 19.0 -1.0 48.0 61.0 100.0 29.0 
41.0 100.0 -1.0 53.0 -1.0 -1.0 -1.0 -1.0 -1.0 -1.0 65.0 35.0 45.0 47.0 35.0 
-1.0 -1.0 99.0 26.0 -1.0 68.0 -1.0 10.0 45.0 29.0 10.0 -1.0 70.0 46.0 82.0 
48.0 -1.0 -1.0 32.0 -1.0 73.0 -1.0 -1.0 -1.0 98.0 90.0 53.0 65.0 -1.0 96.0 
94.0 -1.0 -1.0 55.0 -1.0 -1.0 -1.0 93.0 -1.0 -1.0 100.0 -1.0 -1.0 82.0 -1.0 
77.0 -1.0 -1.0 -1.0 36.0 98.0 -1.0 -1.0 -1.0 -1.0 -1.0 -1.0 92.0 12.0 -1.0 
70.0 -1.0 89.0 -1.0 -1.0 -1.0 -1.0 -1.0 73.0 19.0 82.0 61.0 88.0 24.0 43.0 
61.0 -1.0 -1.0 66.0 79.0 -1.0 37.0 65.0 88.0 29.0 30.0 -1.0 -1.0 -1.0 -1.0 
-1.0 -1.0 12.0 99.0 94.0 32.0 -1.0 -1.0 16.0 -1.0 -1.0 -1.0 67.0 -1.0 -1.0 
50.0 47.0 20.0 -1.0 68.0 -1.0 43.0 77.0 12.0 -1.0 39.0 73.0 85.0 -1.0 -1.0 
57.0 21.0 50.0 25.0 97.0 -1.0 -1.0 -1.0 -1.0 -1.0 100.0 16.0 88.0 72.0 -1.0 
81.0 57.0 -1.0 -1.0 -1.0 49.0 50.0 66.0 16.0 -1.0 -1.0 -1.0 94.0 -1.0 14.0 
-1.0 31.0 -1.0 -1.0 99.0 93.0 48.0 -1.0 -1.0 -1.0 76.0 23.0 -1.0 23.0 36.0 
-1.0 -1.0 -1.0 -1.0 -1.0 70.0 -1.0 -1.0 -1.0 -1.0 20.0 -1.0 22.0 42.0 31.0 
-1.0 85.0 82.0 -1.0 -1.0 70.0 64.0 77.0 97.0 -1.0 47.0 61.0 -1.0 34.0 -1.0 
-1.0 -1.0 94.0 100.0 -1.0 -1.0 -1.0 -1.0 -1.0 -1.0 63.0 -1.0 -1.0 14.0 35.0 
81.0 -1.0 34.0 21.0 -1.0 -1.0 -1.0 42.0 -1.0 -1.0 -1.0 -1.0 -1.0 79.0 48.0 
98.0 -1.0 49.0 -1.0 27.0 -1.0 42.0 -1.0 -1.0 -1.0 -1.0 -1.0 79.0 -1.0 56.0 
94.0 -1.0 -1.0 -1.0 -1.0 96.0 -1.0 25.0 98.0 -1.0 85.0 -1.0 44.0 74.0 -1.0 
87.0 48.0 83.0 32.0 -1.0 -1.0 98.0 -1.0 52.0 -1.0 28.0 -1.0 -1.0 -1.0 -1.0 
67.0 -1.0 -1.0 100.0 -1.0 58.0 27.0 86.0 48.0 91.0 50.0 73.0 -1.0 77.0 -1.0 
-1.0 35.0 -1.0 63.0 60.0 25.0 -1.0 71.0 59.0 -1.0 98.0 95.0 64.0 -1.0 -1.0 
35.0 35.0 -1.0 73.0 -1.0 -1.0 -1.0 -1.0 15.0 -1.0 -1.0 -1.0 -1.0 88.0 -1.0 
95.0 12.0 -1.0 -1.0 -1.0 -1.0 -1.0 -1.0 36.0 -1.0 -1.0 90.0 29.0 29.0 -1.0 
-1.0 39.0 30.0 48.0 16.0 38.0 -1.0 23.0 -1.0 -1.0 53.0 -1.0 30.0 45.0 88.0 
14.0 62.0 -1.0 -1.0 80.0 60.0 62.0 -1.0 29.0 29.0 -1.0 85.0 98.0 74.0 -1.0 
-1.0 39.0 22.0 98.0 96.0 -1.0 -1.0 42.0 -1.0 -1.0 -1.0 -1.0 -1.0 -1.0 63.0 
-1.0 58.0 -1.0 20.0 -1.0 -1.0 49.0 -1.0 -1.0 -1.0 -1.0 48.0 61.0 -1.0 -1.0 
-1.0 -1.0 66.0 -1.0 -1.0 46.0 50.0 72.0 91.0 100.0 45.0 -1.0 96.0 -1.0 84.0 
-1.0 100.0 -1.0 -1.0 20.0 65.0 33.0 71.0 -1.0 19.0 25.0 39.0 75.0 84.0 -1.0 
38.0 -1.0 -1.0 10.0 -1.0 -1.0 -1.0 58.0 46.0 50.0 -1.0 -1.0 56.0 85.0 -1.0 
70.0 -1.0 65.0 -1.0 -1.0 99.0 -1.0 -1.0 -1.0 -1.0 -1.0 -1.0 38.0 -1.0 25.0 
-1.0 17.0 64.0 -1.0 89.0 -1.0 -1.0 -1.0 -1.0 -1.0 71.0 -1.0 68.0 -1.0 86.0 
64.0 -1.0 13.0 -1.0 31.0 56.0 20.0 -1.0 -1.0 -1.0 -1.0 -1.0 -1.0 -1.0 61.0 
-1.0 49.0 36.0 -1.0 -1.0 90.0 -1.0 36.0 30.0 72.0 19.0 -1.0 49.0 21.0 -1.0 
91.0 -1.0 -1.0 -1.0 27.0 97.0 -1.0 25.0 35.0 -1.0 88.0 42.0 -1.0 -1.0 -1.0 
-1.0 -1.0 -1.0 20.0 -1.0 -1.0 63.0 92.0 87.0 36.0 92.0 -1.0 -1.0 32.0 -1.0 
-1.0 -1.0 98.0 94.0 -1.0 -1.0 89.0 -1.0 23.0 -1.0 -1.0 25.0 20.0 49.0 -1.0 
67.0 -1.0 -1.0 -1.0 46.0 20.0 -1.0 80.0 -1.0 -1.0 18.0 32.0 28.0 21.0 53.0 
63.0 -1.0 -1.0 15.0 86.0 35.0 -1.0 22.0 65.0 -1.0 29.0 16.0 -1.0 44.0 82.0 
-1.0 -1.0 38.0 55.0 -1.0 -1.0 71.0 -1.0 27.0 -1.0 16.0 51.0 -1.0 40.0 46.0 
89.0 59.0 -1.0 77.0 99.0 -1.0 -1.0 -1.0 21.0 -1.0 -1.0 -1.0 30.0 -1.0 76.0 
-1.0 -1.0 97.0 43.0 37.0 57.0 51.0 -1.0 53.0 61.0 -1.0 86.0 20.0 54.0 -1.0 
52.0 53.0 -1.0 -1.0 -1.0 -1.0 77.0 -1.0 37.0 59.0 59.0 -1.0 -1.0 44.0 -1.0 
35.0 33.0 -1.0 57.0 -1.0 -1.0 -1.0 -1.0 -1.0 22.0 51.0 23.0 68.0 10.0 17.0 
-1.0 -1.0 74.0 85.0 62.0 -1.0 -1.0 66.0 94.0 -1.0 58.0 -1.0 -1.0 91.0 41.0 
67.0 73.0 -1.0 -1.0 -1.0 11.0 -1.0 -1.0 15.0 38.0 37.0 71.0 16.0 -1.0 -1.0 
-1.0 38.0 49.0 42.0 81.0 19.0 -1.0 -1.0 -1.0 -1.0 27.0 85.0 83.0 -1.0 92.0 
-1.0 23.0 -1.0 -1.0 -1.0 -1.0 -1.0 43.0 -1.0 -1.0 23.0 16.0 -1.0 49.0 -1.0 
62.0 59.0 -1.0 86.0 -1.0 80.0 47.0 -1.0 81.0 99.0 84.0 56.0 -1.0 -1.0 -1.0 
32.0 -1.0 -1.0 35.0 28.0 -1.0 -1.0 77.0 -1.0 63.0 -1.0 -1.0 -1.0 -1.0 -1.0 
81.0 38.0 -1.0 -1.0 -1.0 45.0 65.0 87.0 -1.0 10.0 43.0 84.0 29.0 -1.0 -1.0 
42.0 -1.0 29.0 -1.0 -1.0 -1.0 -1.0 -1.0 -1.0 -1.0 44.0 -1.0 -1.0 82.0 48.0 
-1.0 -1.0 56.0 -1.0 -1.0 87.0 -1.0 74.0 -1.0 17.0 37.0 -1.0 36.0 -1.0 -1.0 
82.0 -1.0 -1.0 57.0 43.0 -1.0 -1.0 -1.0 39.0 -1.0 83.0 92.0 42.0 -1.0 14.0 
42.0 -1.0 -1.0 41.0 -1.0 -1.0 93.0 -1.0 -1.0 65.0 -1.0 76.0 -1.0 -1.0 72.0 
87.0 24.0 92.0 -1.0 -1.0 12.0 40.0 52.0 55.0 -1.0 -1.0 -1.0 -1.0 -1.0 34.0 
-1.0 28.0 -1.0 51.0 65.0 -1.0 78.0 -1.0 24.0 26.0 29.0 61.0 -1.0 -1.0 -1.0 
82.0 96.0 92.0 -1.0 21.0 57.0 19.0 23.0 55.0 -1.0 32.0 -1.0 -1.0 -1.0 -1.0 
-1.0 90.0 -1.0 31.0 -1.0 -1.0 -1.0 -1.0 82.0 51.0 18.0 13.0 -1.0 71.0 84.0 
48.0 -1.0 -1.0 74.0 72.0 -1.0 -1.0 -1.0 -1.0 17.0 -1.0 -1.0 51.0 97.0 24.0 
-1.0 -1.0 28.0 45.0 38.0 -1.0 80.0 76.0 53.0 68.0 92.0 -1.0 -1.0 -1.0 -1.0 
-1.0 -1.0 -1.0 34.0 55.0 59.0 -1.0 -1.0 -1.0 69.0 42.0 -1.0 95.0 14.0 -1.0 
-1.0 -1.0 72.0 63.0 -1.0 -1.0 91.0 -1.0 -1.0 -1.0 -1.0 48.0 81.0 -1.0 98.0 
15.0 -1.0 -1.0 -1.0 10.0 -1.0 -1.0 86.0 -1.0 -1.0 -1.0 -1.0 -1.0 59.0 44.0 
66.0 -1.0 -1.0 66.0 80.0 94.0 -1.0 -1.0 -1.0 -1.0 70.0 -1.0 15.0 -1.0 -1.0 
11.0 -1.0 28.0 -1.0 -1.0 77.0 13.0 54.0 94.0 21.0 64.0 96.0 16.0 -1.0 -1.0 
-1.0 27.0 23.0 67.0 -1.0 96.0 67.0 -1.0 -1.0 53.0 41.0 -1.0 83.0 -1.0 44.0 
-1.0 10.0 -1.0 10.0 35.0 54.0 -1.0 -1.0 90.0 65.0 -1.0 31.0 -1.0 -1.0 16.0 
-1.0 -1.0 95.0 41.0 -1.0 -1.0 -1.0 61.0 -1.0 41.0 -1.0 26.0 27.0 82.0 86.0 
-1.0 50.0 20.0 -1.0 49.0 -1.0 -1.0 70.0 84.0 44.0 -1.0 52.0 -1.0 -1.0 38.0 
77.0 60.0 12.0 16.0 -1.0 -1.0 -1.0 44.0 92.0 98.0 -1.0 53.0 -1.0 83.0 29.0 
16.0 17.0 -1.0 -1.0 41.0 58.0 19.0 -1.0 67.0 38.0 24.0 -1.0 -1.0 -1.0 -1.0 
-1.0 -1.0 -1.0 93.0 -1.0 -1.0 -1.0 -1.0 -1.0 23.0 -1.0 60.0 16.0 16.0 95.0 
-1.0 -1.0 80.0 93.0 -1.0 -1.0 82.0 -1.0 -1.0 -1.0 55.0 44.0 62.0 18.0 -1.0 
-1.0 -1.0 -1.0 77.0 15.0 -1.0 -1.0 59.0 51.0 -1.0 93.0 83.0 71.0 15.0 36.0 
36.0 -1.0 10.0 -1.0 -1.0 80.0 -1.0 -1.0 53.0 39.0 78.0 94.0 42.0 13.0 100.0 
-1.0 66.0 13.0 96.0 -1.0 -1.0 56.0 57.0 -1.0 94.0 83.0 -1.0 10.0 42.0 38.0 
-1.0 25.0 15.0 -1.0 -1.0 84.0 -1.0 52.0 -1.0 -1.0 99.0 23.0 -1.0 100.0 -1.0 
-1.0 -1.0 -1.0 -1.0 44.0 -1.0 -1.0 61.0 -1.0 73.0 42.0 -1.0 35.0 -1.0 52.0 
75.0 -1.0 -1.0 12.0 14.0 -1.0 51.0 36.0 -1.0 30.0 -1.0 -1.0 -1.0 23.0 -1.0 
95.0 -1.0 15.0 -1.0 88.0 -1.0 34.0 -1.0 75.0 90.0 -1.0 16.0 -1.0 -1.0 -1.0 
-1.0 -1.0 60.0 67.0 20.0 28.0 70.0 95.0 -1.0 54.0 17.0 -1.0 39.0 -1.0 98.0 
98.0 35.0 -1.0 -1.0 -1.0 39.0 -1.0 -1.0 64.0 -1.0 52.0 -1.0 78.0 37.0 43.0 
86.0 71.0 -1.0 -1.0 -1.0 -1.0 -1.0 -1.0 92.0 68.0 -1.0 -1.0 87.0 74.0 -1.0 
