***n m*** 
15 15 
***h*** 
9 13 14 12 9 6 5 8 10 13 15 12 10 6 6 
***d*** 
570.49 1331.82 149.0 1012.52 976.54 520.11 127.63 865.08 145.42 596.94 903.52 590.98 1340.01 523.74 129.01 
***M*** 
15 8 3 12 14 10 1 
14 3 15 5 6 
11 9 6 13 5 1 4 15 7 
3 1 9 13 2 
7 1 11 4 14 2 13 
10 3 15 6 14 12 11 2 
6 7 9 1 12 2 3 11 14 15 
9 7 4 12 5 2 11 15 14 
6 13 5 9 14 11 
9 3 11 14 1 5 2 6 7 15 
7 4 6 9 11 1 
5 1 4 10 9 7 11 8 2 
1 3 15 6 4 12 
8 11 7 3 1 13 5 10 9 12 
11 5 14 9 10 8 1 
11 15 2 10 6 12 
5 9 4 3 14 13 7 
6 12 14 1 7 9 
6 5 13 2 14 
2 7 1 14 12 13 9 
14 8 2 5 1 6 12 10 
15 9 1 6 11 
1 14 8 13 11 7 6 4 
11 14 3 12 9 7 4 6 2 
5 1 12 13 2 10 3 4 
1 14 12 7 4 3 8 
7 9 3 13 12 
9 8 14 2 4 1 3 6 
1 13 15 11 10 8 2 6 
1 11 13 6 15 4 14 2 7 
1 10 4 6 5 9 3 13 15 
6 4 7 9 2 13 1 
15 5 13 7 8 3 1 6 
9 13 11 14 15 10 6 8 1 4 
7 6 10 12 3 1 9 13 
4 3 8 7 9 2 10 14 5 12 
1 4 11 14 6 12 5 
1 5 10 9 7 15 11 
15 1 11 4 13 
11 13 8 12 9 14 4 2 6 7 
15 9 12 7 8 11 5 6 4 2 
14 1 15 2 11 7 8 4 5 
8 13 15 2 5 9 4 11 7 
10 14 8 6 5 15 9 
9 7 15 4 12 8 5 
11 9 12 13 5 8 2 
14 1 7 2 6 10 8 
11 4 3 7 2 9 10 12 14 5 
2 8 9 14 3 7 12 4 
3 1 13 9 14 
10 4 5 12 7 8 14 
6 3 1 8 15 12 7 
4 3 7 11 2 
5 8 15 7 11 
11 6 8 14 9 13 15 5 4 10 
15 1 4 6 8 
2 1 15 7 10 
14 3 4 11 13 10 15 8 12 9 
15 12 13 1 14 2 4 11 6 
2 13 8 15 4 6 11 1 10 5 
6 7 12 2 4 
6 15 5 2 9 8 4 
7 9 2 14 5 10 4 
14 5 8 7 1 2 3 4 13 
11 6 5 14 10 
13 5 2 10 7 
14 4 10 7 3 
7 15 1 11 8 4 
12 10 3 15 8 5 
12 13 6 7 10 4 
2 12 5 9 8 
7 8 5 4 12 
7 15 1 13 4 6 12 
9 11 5 13 15 2 
8 5 2 15 6 14 
2 14 6 1 3 10 5 8 
11 10 12 2 1 6 4 8 
8 11 4 5 6 
15 14 8 13 11 5 9 6 7 1 
1 11 3 7 12 5 13 
2 11 7 13 6 10 14 9 15 
12 15 6 7 10 
4 1 10 3 9 2 14 12 
4 15 1 13 11 
11 14 9 1 5 15 6 12 13 4 
2 7 4 3 1 11 10 9 15 
13 4 8 9 7 12 6 
1 11 12 2 5 13 10 9 7 4 
10 5 7 6 11 15 12 3 13 1 
14 12 10 8 7 4 
7 3 14 15 5 2 1 
15 13 4 7 6 2 14 10 1 9 
6 2 11 8 10 12 9 13 4 5 
1 5 12 6 7 
14 15 13 3 4 
2 15 6 11 7 3 9 
2 11 7 5 13 8 12 
11 3 10 1 8 9 
10 11 3 9 8 
4 3 9 11 7 15 10 
2 10 11 12 8 7 15 
5 11 15 8 13 9 
2 11 1 3 8 15 14 7 
5 6 7 2 10 
3 5 8 15 2 
13 7 15 11 10 9 1 12 2 6 
4 13 7 3 12 14 2 
4 8 1 9 11 5 14 7 
8 15 4 5 14 12 10 9 
13 6 3 10 2 5 4 11 8 
14 13 9 10 8 2 5 
14 15 1 11 5 
10 3 1 7 8 13 12 14 
1 15 7 12 9 10 5 14 13 2 
14 6 7 11 10 9 2 
4 8 5 11 9 7 6 12 15 13 
2 3 5 7 15 
5 7 10 9 6 14 12 
7 6 14 2 9 11 8 4 13 
1 2 8 11 7 10 12 4 15 
15 8 4 2 10 9 6 13 
14 15 7 9 1 12 3 4 6 13 
7 2 15 14 4 10 5 
5 4 3 6 10 
1 5 10 4 14 
10 3 6 14 13 9 7 
10 12 15 3 8 4 7 11 
2 14 8 11 3 9 6 7 
9 6 15 14 3 1 5 7 13 
4 13 11 10 5 7 1 
7 8 11 15 4 5 2 
5 1 6 13 9 
12 6 11 1 13 
6 13 11 14 1 3 9 7 
3 13 8 6 2 
1 8 9 10 3 5 
15 14 5 12 6 
15 14 2 9 12 5 8 4 1 13 
8 14 13 11 9 
14 4 12 10 13 1 3 6 15 
10 5 8 14 9 3 
5 11 9 7 13 15 14 1 2 
6 1 3 4 15 2 
6 12 14 7 2 1 13 15 4 
14 11 15 7 5 13 
9 5 10 11 3 6 12 2 4 7 
13 11 14 12 8 
6 11 13 2 10 5 7 12 1 3 
***P*** 
86.0 -1.0 17.0 -1.0 -1.0 -1.0 -1.0 41.0 -1.0 26.0 -1.0 72.0 -1.0 83.0 13.0 
-1.0 -1.0 54.0 -1.0 22.0 85.0 -1.0 -1.0 -1.0 -1.0 -1.0 -1.0 -1.0 46.0 42.0 
71.0 -1.0 -1.0 46.0 68.0 24.0 12.0 -1.0 82.0 -1.0 47.0 -1.0 40.0 -1.0 26.0 
85.0 99.0 23.0 -1.0 -1.0 -1.0 -1.0 -1.0 65.0 -1.0 -1.0 -1.0 41.0 -1.0 -1.0 
97.0 77.0 -1.0 13.0 -1.0 -1.0 62.0 -1.0 -1.0 -1.0 14.0 -1.0 57.0 86.0 -1.0 
-1.0 97.0 76.0 -1.0 -1.0 73.0 -1.0 -1.0 -1.0 79.0 37.0 71.0 -1.0 68.0 83.0 
74.0 35.0 29.0 -1.0 -1.0 80.0 64.0 -1.0 34.0 -1.0 19.0 24.0 -1.0 55.0 51.0 
-1.0 53.0 -1.0 90.0 84.0 -1.0 80.0 -1.0 45.0 -1.0 16.0 83.0 -1.0 37.0 29.0 
-1.0 -1.0 -1.0 -1.0 75.0 36.0 -1.0 -1.0 64.0 -1.0 68.0 -1.0 16.0 32.0 -1.0 
29.0 68.0 100.0 -1.0 73.0 43.0 78.0 -1.0 17.0 -1.0 11.0 -1.0 -1.0 38.0 100.0 
44.0 -1.0 -1.0 20.0 -1.0 10.0 71.0 -1.0 90.0 -1.0 86.0 -1.0 -1.0 -1.0 -1.0 
27.0 92.0 -1.0 92.0 31.0 -1.0 10.0 83.0 94.0 56.0 35.0 -1.0 -1.0 -1.0 -1.0 
49.0 -1.0 41.0 43.0 -1.0 62.0 -1.0 -1.0 -1.0 -1.0 -1.0 98.0 -1.0 -1.0 45.0 
100.0 -1.0 47.0 -1.0 46.0 -1.0 57.0 44.0 99.0 71.0 13.0 92.0 97.0 -1.0 -1.0 
48.0 -1.0 -1.0 -1.0 30.0 -1.0 -1.0 23.0 55.0 37.0 89.0 -1.0 -1.0 48.0 -1.0 
-1.0 49.0 -1.0 -1.0 -1.0 17.0 -1.0 -1.0 -1.0 34.0 14.0 95.0 -1.0 -1.0 51.0 
-1.0 -1.0 18.0 78.0 94.0 -1.0 89.0 -1.0 17.0 -1.0 -1.0 -1.0 23.0 19.0 -1.0 
62.0 -1.0 -1.0 -1.0 -1.0 36.0 63.0 -1.0 87.0 -1.0 -1.0 17.0 -1.0 15.0 -1.0 
-1.0 61.0 -1.0 -1.0 41.0 89.0 -1.0 -1.0 -1.0 -1.0 -1.0 -1.0 40.0 80.0 -1.0 
45.0 66.0 -1.0 -1.0 -1.0 -1.0 28.0 -1.0 97.0 -1.0 -1.0 57.0 45.0 47.0 -1.0 
24.0 32.0 -1.0 -1.0 87.0 36.0 -1.0 77.0 -1.0 97.0 -1.0 25.0 -1.0 30.0 -1.0 
40.0 -1.0 -1.0 -1.0 -1.0 24.0 -1.0 -1.0 64.0 -1.0 75.0 -1.0 -1.0 -1.0 10.0 
37.0 -1.0 -1.0 86.0 -1.0 30.0 22.0 87.0 -1.0 -1.0 48.0 -1.0 21.0 10.0 -1.0 
-1.0 11.0 72.0 43.0 -1.0 52.0 20.0 -1.0 36.0 -1.0 50.0 50.0 -1.0 47.0 -1.0 
35.0 55.0 55.0 22.0 82.0 -1.0 -1.0 -1.0 -1.0 63.0 -1.0 85.0 41.0 -1.0 -1.0 
17.0 -1.0 47.0 22.0 -1.0 -1.0 36.0 75.0 -1.0 -1.0 -1.0 12.0 -1.0 69.0 -1.0 
-1.0 -1.0 78.0 -1.0 -1.0 -1.0 17.0 -1.0 14.0 -1.0 -1.0 13.0 57.0 -1.0 -1.0 
67.0 43.0 46.0 79.0 -1.0 58.0 -1.0 81.0 87.0 -1.0 -1.0 -1.0 -1.0 47.0 -1.0 
99.0 69.0 -1.0 -1.0 -1.0 76.0 -1.0 45.0 -1.0 38.0 24.0 -1.0 22.0 -1.0 78.0 
43.0 88.0 -1.0 43.0 -1.0 100.0 11.0 -1.0 -1.0 -1.0 42.0 -1.0 47.0 70.0 88.0 
64.0 -1.0 40.0 57.0 50.0 83.0 -1.0 -1.0 41.0 14.0 -1.0 -1.0 79.0 -1.0 37.0 
92.0 21.0 -1.0 51.0 -1.0 31.0 14.0 -1.0 86.0 -1.0 -1.0 -1.0 89.0 -1.0 -1.0 
44.0 -1.0 58.0 -1.0 60.0 83.0 45.0 37.0 -1.0 -1.0 -1.0 -1.0 80.0 -1.0 67.0 
19.0 -1.0 -1.0 91.0 -1.0 75.0 -1.0 12.0 85.0 24.0 37.0 -1.0 22.0 81.0 29.0 
11.0 -1.0 72.0 -1.0 -1.0 35.0 49.0 -1.0 18.0 99.0 -1.0 84.0 44.0 -1.0 -1.0 
-1.0 50.0 79.0 92.0 52.0 -1.0 17.0 44.0 18.0 28.0 -1.0 58.0 -1.0 20.0 -1.0 
50.0 -1.0 -1.0 80.0 30.0 47.0 -1.0 -1.0 -1.0 -1.0 42.0 50.0 -1.0 15.0 -1.0 
38.0 -1.0 -1.0 -1.0 33.0 -1.0 79.0 -1.0 68.0 24.0 40.0 -1.0 -1.0 -1.0 65.0 
12.0 -1.0 -1.0 12.0 -1.0 -1.0 -1.0 -1.0 -1.0 -1.0 66.0 -1.0 99.0 -1.0 94.0 
-1.0 76.0 -1.0 64.0 -1.0 29.0 85.0 43.0 20.0 -1.0 88.0 29.0 40.0 41.0 -1.0 
-1.0 95.0 -1.0 17.0 61.0 11.0 39.0 47.0 69.0 -1.0 56.0 23.0 -1.0 -1.0 13.0 
97.0 71.0 -1.0 83.0 68.0 -1.0 85.0 71.0 -1.0 -1.0 37.0 -1.0 -1.0 16.0 28.0 
-1.0 10.0 -1.0 99.0 36.0 -1.0 25.0 17.0 41.0 -1.0 90.0 -1.0 62.0 -1.0 14.0 
-1.0 -1.0 -1.0 -1.0 92.0 48.0 -1.0 49.0 44.0 87.0 -1.0 -1.0 -1.0 70.0 52.0 
-1.0 -1.0 -1.0 42.0 85.0 -1.0 34.0 29.0 45.0 -1.0 -1.0 68.0 -1.0 -1.0 93.0 
-1.0 41.0 -1.0 -1.0 79.0 -1.0 -1.0 19.0 72.0 -1.0 85.0 98.0 18.0 -1.0 -1.0 
62.0 71.0 -1.0 -1.0 -1.0 21.0 99.0 51.0 -1.0 58.0 -1.0 -1.0 -1.0 49.0 -1.0 
-1.0 90.0 36.0 38.0 31.0 -1.0 72.0 -1.0 12.0 23.0 98.0 81.0 -1.0 80.0 -1.0 
-1.0 82.0 65.0 95.0 -1.0 -1.0 47.0 30.0 46.0 -1.0 -1.0 85.0 -1.0 66.0 -1.0 
79.0 -1.0 10.0 -1.0 -1.0 -1.0 -1.0 -1.0 98.0 -1.0 -1.0 -1.0 30.0 41.0 -1.0 
-1.0 -1.0 -1.0 41.0 48.0 -1.0 11.0 33.0 -1.0 46.0 -1.0 60.0 -1.0 35.0 -1.0 
73.0 -1.0 65.0 -1.0 -1.0 16.0 95.0 90.0 -1.0 -1.0 -1.0 95.0 -1.0 -1.0 51.0 
-1.0 30.0 87.0 33.0 -1.0 -1.0 17.0 -1.0 -1.0 -1.0 73.0 -1.0 -1.0 -1.0 -1.0 
-1.0 -1.0 -1.0 -1.0 74.0 -1.0 29.0 30.0 -1.0 -1.0 26.0 -1.0 -1.0 -1.0 92.0 
-1.0 -1.0 -1.0 75.0 61.0 62.0 -1.0 26.0 21.0 69.0 56.0 -1.0 38.0 14.0 75.0 
65.0 -1.0 -1.0 18.0 -1.0 29.0 -1.0 88.0 -1.0 -1.0 -1.0 -1.0 -1.0 -1.0 38.0 
60.0 12.0 -1.0 -1.0 -1.0 -1.0 50.0 -1.0 -1.0 78.0 -1.0 -1.0 -1.0 -1.0 34.0 
-1.0 -1.0 76.0 43.0 -1.0 -1.0 -1.0 54.0 25.0 16.0 26.0 93.0 24.0 76.0 35.0 
48.0 97.0 -1.0 10.0 -1.0 19.0 -1.0 -1.0 -1.0 -1.0 11.0 35.0 68.0 90.0 22.0 
44.0 15.0 -1.0 72.0 81.0 28.0 -1.0 67.0 -1.0 21.0 69.0 -1.0 45.0 -1.0 76.0 
-1.0 63.0 -1.0 56.0 -1.0 79.0 16.0 -1.0 -1.0 -1.0 -1.0 75.0 -1.0 -1.0 -1.0 
-1.0 21.0 -1.0 10.0 42.0 48.0 -1.0 14.0 24.0 -1.0 -1.0 -1.0 -1.0 -1.0 91.0 
-1.0 98.0 -1.0 81.0 34.0 -1.0 100.0 -1.0 33.0 21.0 -1.0 -1.0 -1.0 96.0 -1.0 
38.0 65.0 31.0 59.0 39.0 -1.0 14.0 55.0 -1.0 -1.0 -1.0 -1.0 14.0 86.0 -1.0 
-1.0 -1.0 -1.0 -1.0 35.0 77.0 -1.0 -1.0 -1.0 28.0 59.0 -1.0 -1.0 31.0 -1.0 
-1.0 66.0 -1.0 -1.0 12.0 -1.0 71.0 -1.0 -1.0 60.0 -1.0 -1.0 76.0 -1.0 -1.0 
-1.0 -1.0 44.0 43.0 -1.0 -1.0 13.0 -1.0 -1.0 66.0 -1.0 -1.0 -1.0 94.0 -1.0 
57.0 -1.0 -1.0 40.0 -1.0 -1.0 60.0 81.0 -1.0 -1.0 96.0 -1.0 -1.0 -1.0 52.0 
-1.0 -1.0 89.0 -1.0 35.0 -1.0 -1.0 17.0 -1.0 49.0 -1.0 76.0 -1.0 -1.0 35.0 
-1.0 -1.0 -1.0 65.0 -1.0 23.0 73.0 -1.0 -1.0 42.0 -1.0 93.0 89.0 -1.0 -1.0 
-1.0 51.0 -1.0 -1.0 83.0 -1.0 -1.0 76.0 49.0 -1.0 -1.0 11.0 -1.0 -1.0 -1.0 
-1.0 -1.0 -1.0 56.0 100.0 -1.0 78.0 84.0 -1.0 -1.0 -1.0 73.0 -1.0 -1.0 -1.0 
56.0 -1.0 -1.0 77.0 -1.0 49.0 50.0 -1.0 -1.0 -1.0 -1.0 82.0 52.0 -1.0 37.0 
-1.0 99.0 -1.0 -1.0 21.0 -1.0 -1.0 -1.0 80.0 -1.0 95.0 -1.0 78.0 -1.0 100.0 
-1.0 62.0 -1.0 -1.0 83.0 21.0 -1.0 33.0 -1.0 -1.0 -1.0 -1.0 -1.0 93.0 16.0 
51.0 58.0 100.0 -1.0 61.0 78.0 -1.0 95.0 -1.0 90.0 -1.0 -1.0 -1.0 59.0 -1.0 
39.0 50.0 -1.0 27.0 -1.0 59.0 -1.0 54.0 -1.0 25.0 16.0 51.0 -1.0 -1.0 -1.0 
-1.0 -1.0 -1.0 98.0 76.0 86.0 -1.0 63.0 -1.0 -1.0 55.0 -1.0 -1.0 -1.0 -1.0 
41.0 -1.0 -1.0 -1.0 20.0 38.0 27.0 79.0 68.0 -1.0 46.0 -1.0 98.0 64.0 38.0 
47.0 -1.0 65.0 -1.0 61.0 -1.0 90.0 -1.0 -1.0 -1.0 28.0 100.0 29.0 -1.0 -1.0 
-1.0 88.0 -1.0 -1.0 -1.0 73.0 22.0 -1.0 31.0 18.0 50.0 -1.0 52.0 75.0 30.0 
-1.0 -1.0 -1.0 -1.0 -1.0 81.0 34.0 -1.0 -1.0 11.0 -1.0 65.0 -1.0 -1.0 44.0 
57.0 24.0 69.0 74.0 -1.0 -1.0 -1.0 -1.0 46.0 37.0 -1.0 98.0 -1.0 45.0 -1.0 
87.0 -1.0 -1.0 67.0 -1.0 -1.0 -1.0 -1.0 -1.0 -1.0 88.0 -1.0 88.0 -1.0 80.0 
70.0 -1.0 -1.0 49.0 18.0 58.0 -1.0 -1.0 58.0 -1.0 24.0 41.0 82.0 41.0 21.0 
96.0 60.0 56.0 33.0 -1.0 -1.0 49.0 -1.0 45.0 44.0 25.0 -1.0 -1.0 -1.0 78.0 
-1.0 -1.0 -1.0 97.0 -1.0 49.0 57.0 59.0 57.0 -1.0 -1.0 22.0 77.0 -1.0 -1.0 
21.0 55.0 -1.0 74.0 93.0 -1.0 27.0 -1.0 89.0 12.0 74.0 67.0 39.0 -1.0 -1.0 
12.0 -1.0 53.0 -1.0 89.0 86.0 73.0 -1.0 -1.0 54.0 53.0 74.0 80.0 -1.0 92.0 
-1.0 -1.0 -1.0 61.0 -1.0 -1.0 30.0 44.0 -1.0 74.0 -1.0 89.0 -1.0 12.0 -1.0 
76.0 72.0 92.0 -1.0 75.0 -1.0 64.0 -1.0 -1.0 -1.0 -1.0 -1.0 -1.0 24.0 56.0 
33.0 26.0 -1.0 66.0 -1.0 51.0 60.0 -1.0 80.0 63.0 -1.0 -1.0 89.0 80.0 16.0 
-1.0 25.0 -1.0 10.0 44.0 28.0 -1.0 55.0 97.0 32.0 20.0 50.0 84.0 -1.0 -1.0 
65.0 -1.0 -1.0 -1.0 78.0 48.0 94.0 -1.0 -1.0 -1.0 -1.0 28.0 -1.0 -1.0 -1.0 
-1.0 -1.0 54.0 35.0 -1.0 -1.0 -1.0 -1.0 -1.0 -1.0 -1.0 -1.0 29.0 86.0 48.0 
-1.0 58.0 24.0 -1.0 -1.0 79.0 43.0 -1.0 16.0 -1.0 68.0 -1.0 -1.0 -1.0 46.0 
-1.0 22.0 -1.0 -1.0 54.0 -1.0 29.0 30.0 -1.0 -1.0 61.0 85.0 100.0 -1.0 -1.0 
74.0 -1.0 38.0 -1.0 -1.0 -1.0 -1.0 48.0 93.0 84.0 92.0 -1.0 -1.0 -1.0 -1.0 
-1.0 -1.0 55.0 -1.0 -1.0 -1.0 -1.0 72.0 55.0 74.0 22.0 -1.0 -1.0 -1.0 -1.0 
-1.0 -1.0 92.0 95.0 -1.0 -1.0 65.0 -1.0 84.0 50.0 68.0 -1.0 -1.0 -1.0 91.0 
-1.0 12.0 -1.0 -1.0 -1.0 -1.0 38.0 33.0 -1.0 24.0 11.0 95.0 -1.0 -1.0 72.0 
-1.0 -1.0 -1.0 -1.0 47.0 -1.0 -1.0 33.0 18.0 -1.0 91.0 -1.0 21.0 -1.0 35.0 
11.0 47.0 25.0 -1.0 -1.0 -1.0 92.0 83.0 -1.0 -1.0 68.0 -1.0 -1.0 38.0 19.0 
-1.0 52.0 -1.0 -1.0 80.0 36.0 47.0 -1.0 -1.0 95.0 -1.0 -1.0 -1.0 -1.0 -1.0 
-1.0 22.0 35.0 -1.0 24.0 -1.0 -1.0 55.0 -1.0 -1.0 -1.0 -1.0 -1.0 -1.0 87.0 
11.0 28.0 -1.0 -1.0 -1.0 64.0 12.0 -1.0 91.0 87.0 98.0 25.0 85.0 -1.0 85.0 
-1.0 100.0 51.0 12.0 -1.0 -1.0 51.0 -1.0 -1.0 -1.0 -1.0 22.0 91.0 85.0 -1.0 
60.0 -1.0 -1.0 77.0 31.0 -1.0 61.0 80.0 98.0 -1.0 79.0 -1.0 -1.0 22.0 -1.0 
-1.0 -1.0 -1.0 92.0 89.0 -1.0 -1.0 30.0 51.0 67.0 -1.0 32.0 -1.0 52.0 14.0 
-1.0 45.0 22.0 49.0 98.0 13.0 -1.0 59.0 -1.0 58.0 92.0 -1.0 33.0 -1.0 -1.0 
-1.0 23.0 -1.0 -1.0 79.0 -1.0 -1.0 84.0 63.0 47.0 -1.0 -1.0 14.0 65.0 -1.0 
79.0 -1.0 -1.0 -1.0 18.0 -1.0 -1.0 -1.0 -1.0 -1.0 92.0 -1.0 -1.0 60.0 71.0 
94.0 -1.0 25.0 -1.0 -1.0 -1.0 58.0 37.0 -1.0 34.0 -1.0 49.0 38.0 97.0 -1.0 
76.0 71.0 -1.0 -1.0 11.0 -1.0 38.0 -1.0 18.0 59.0 -1.0 35.0 53.0 93.0 37.0 
-1.0 58.0 -1.0 -1.0 -1.0 79.0 15.0 -1.0 26.0 46.0 71.0 -1.0 -1.0 83.0 -1.0 
-1.0 -1.0 -1.0 57.0 94.0 40.0 25.0 50.0 20.0 -1.0 80.0 49.0 79.0 -1.0 98.0 
-1.0 90.0 12.0 -1.0 44.0 -1.0 17.0 -1.0 -1.0 -1.0 -1.0 -1.0 -1.0 -1.0 75.0 
-1.0 -1.0 -1.0 -1.0 100.0 62.0 66.0 -1.0 19.0 97.0 -1.0 12.0 -1.0 20.0 -1.0 
-1.0 77.0 -1.0 49.0 -1.0 15.0 55.0 40.0 17.0 -1.0 72.0 -1.0 54.0 81.0 -1.0 
51.0 71.0 -1.0 51.0 -1.0 -1.0 73.0 26.0 -1.0 17.0 88.0 75.0 -1.0 -1.0 89.0 
-1.0 52.0 -1.0 32.0 -1.0 42.0 -1.0 45.0 48.0 69.0 -1.0 -1.0 54.0 -1.0 96.0 
26.0 -1.0 56.0 61.0 -1.0 64.0 50.0 -1.0 83.0 -1.0 -1.0 48.0 96.0 49.0 10.0 
-1.0 65.0 -1.0 69.0 64.0 -1.0 34.0 -1.0 -1.0 70.0 -1.0 -1.0 -1.0 41.0 62.0 
-1.0 -1.0 33.0 50.0 19.0 49.0 -1.0 -1.0 -1.0 91.0 -1.0 -1.0 -1.0 -1.0 -1.0 
32.0 -1.0 -1.0 31.0 79.0 -1.0 -1.0 -1.0 -1.0 35.0 -1.0 -1.0 -1.0 58.0 -1.0 
-1.0 -1.0 56.0 -1.0 -1.0 84.0 61.0 -1.0 44.0 39.0 -1.0 -1.0 23.0 34.0 -1.0 
-1.0 -1.0 38.0 71.0 -1.0 -1.0 81.0 91.0 -1.0 91.0 54.0 70.0 -1.0 -1.0 70.0 
-1.0 61.0 78.0 -1.0 -1.0 62.0 29.0 24.0 50.0 -1.0 45.0 -1.0 -1.0 54.0 -1.0 
82.0 -1.0 41.0 -1.0 94.0 25.0 86.0 -1.0 50.0 -1.0 -1.0 -1.0 77.0 10.0 16.0 
18.0 -1.0 -1.0 98.0 62.0 -1.0 64.0 -1.0 -1.0 21.0 13.0 -1.0 32.0 -1.0 -1.0 
-1.0 96.0 -1.0 48.0 42.0 -1.0 23.0 82.0 -1.0 -1.0 28.0 -1.0 -1.0 -1.0 53.0 
20.0 -1.0 -1.0 -1.0 16.0 10.0 -1.0 -1.0 68.0 -1.0 -1.0 -1.0 71.0 -1.0 -1.0 
24.0 -1.0 -1.0 -1.0 -1.0 99.0 -1.0 -1.0 -1.0 -1.0 58.0 14.0 51.0 -1.0 -1.0 
39.0 -1.0 26.0 -1.0 -1.0 84.0 99.0 -1.0 54.0 -1.0 84.0 -1.0 29.0 98.0 -1.0 
-1.0 96.0 91.0 -1.0 -1.0 77.0 -1.0 62.0 -1.0 -1.0 -1.0 -1.0 96.0 -1.0 -1.0 
59.0 -1.0 15.0 -1.0 35.0 -1.0 -1.0 17.0 82.0 71.0 -1.0 -1.0 -1.0 -1.0 -1.0 
-1.0 -1.0 -1.0 -1.0 59.0 98.0 -1.0 -1.0 -1.0 -1.0 -1.0 38.0 -1.0 91.0 77.0 
31.0 28.0 -1.0 98.0 61.0 -1.0 -1.0 13.0 80.0 -1.0 -1.0 36.0 10.0 36.0 98.0 
-1.0 -1.0 -1.0 -1.0 -1.0 -1.0 -1.0 70.0 98.0 -1.0 83.0 -1.0 77.0 70.0 -1.0 
64.0 -1.0 37.0 50.0 -1.0 23.0 -1.0 -1.0 -1.0 29.0 -1.0 81.0 36.0 59.0 70.0 
-1.0 -1.0 16.0 -1.0 53.0 -1.0 -1.0 11.0 31.0 38.0 -1.0 -1.0 -1.0 81.0 -1.0 
31.0 16.0 -1.0 -1.0 23.0 -1.0 11.0 -1.0 32.0 -1.0 93.0 -1.0 46.0 94.0 15.0 
57.0 13.0 16.0 90.0 -1.0 37.0 -1.0 -1.0 -1.0 -1.0 -1.0 -1.0 -1.0 -1.0 43.0 
35.0 41.0 -1.0 78.0 -1.0 76.0 30.0 -1.0 -1.0 -1.0 -1.0 92.0 71.0 15.0 79.0 
-1.0 -1.0 -1.0 -1.0 33.0 -1.0 23.0 -1.0 -1.0 -1.0 16.0 -1.0 30.0 93.0 48.0 
-1.0 81.0 92.0 54.0 53.0 10.0 34.0 -1.0 35.0 33.0 50.0 29.0 -1.0 -1.0 -1.0 
-1.0 -1.0 -1.0 -1.0 -1.0 -1.0 -1.0 19.0 -1.0 -1.0 66.0 29.0 44.0 17.0 -1.0 
65.0 90.0 41.0 -1.0 34.0 45.0 78.0 -1.0 -1.0 97.0 14.0 93.0 48.0 -1.0 -1.0 
