***n m*** 
15 15 
***h*** 
12 9 12 8 11 9 13 15 15 10 11 15 5 10 11 
***d*** 
658.92 1107.29 992.12 1075.7 635.79 623.41 161.54 684.68 1540.8 1101.69 977.87 172.11 147.78 905.75 159.22 
***M*** 
2 6 5 11 8 14 
11 13 5 7 14 6 2 1 10 
6 8 4 2 5 3 13 14 15 
15 1 5 3 11 6 12 14 13 
6 10 15 13 4 
2 10 7 3 4 
4 15 7 6 8 3 
13 7 4 12 11 3 10 6 8 
10 15 11 8 4 1 3 7 
9 7 3 14 8 5 
12 8 13 3 1 6 10 11 
13 9 1 5 2 3 6 11 
14 5 3 7 4 12 9 1 2 13 
10 12 3 14 2 1 15 7 9 13 
5 3 13 15 2 10 
6 11 1 15 7 10 5 9 3 
8 13 9 6 5 12 10 14 1 15 
9 14 12 3 2 10 8 13 
6 3 1 13 5 7 12 
13 6 3 15 12 8 5 1 
11 15 7 10 5 13 3 12 8 
13 7 8 2 9 4 3 
13 15 9 2 11 
3 10 6 7 1 8 13 11 4 
1 8 13 5 15 12 
2 10 7 14 6 8 4 1 15 
5 7 10 13 2 15 3 11 12 14 
13 4 1 14 3 5 10 9 7 
3 6 1 10 12 2 5 15 4 11 
8 6 3 1 4 7 9 2 
7 5 12 9 2 
11 13 1 6 4 12 14 
10 9 6 12 5 14 3 
3 8 4 6 11 13 10 7 
13 10 1 11 8 15 3 
8 9 11 15 2 12 14 1 6 
5 2 9 13 15 3 7 
8 5 11 12 4 9 15 
4 14 11 3 12 5 8 13 
3 1 15 9 6 12 11 14 10 
1 9 13 15 12 4 3 
8 14 9 6 3 4 5 10 7 12 
2 6 8 15 11 12 
13 2 15 8 5 9 7 10 1 
4 7 2 12 11 15 6 14 13 
2 15 6 5 9 14 12 
5 12 13 11 8 7 6 1 9 
5 11 10 7 4 
5 12 7 4 1 2 13 11 9 
7 2 14 3 13 1 
15 3 14 12 5 10 9 7 
7 3 14 2 6 11 4 8 
15 8 1 5 14 
9 8 14 7 1 4 
9 2 12 11 3 14 
9 11 1 14 10 5 13 
7 13 5 14 2 11 
6 5 11 14 10 13 1 9 
15 1 2 9 10 11 8 5 
12 14 5 6 4 11 
2 6 1 5 11 4 10 
7 9 10 2 4 14 13 6 8 3 
2 14 12 4 6 
3 13 11 10 2 8 5 4 14 
11 9 10 7 3 2 1 14 15 12 
7 2 3 15 9 5 
7 3 14 9 4 13 12 5 8 
2 6 1 9 4 
6 13 11 8 5 2 14 3 15 12 
11 2 8 5 9 14 4 
13 9 6 3 8 
14 1 13 7 2 5 11 
9 5 1 12 4 11 7 13 3 2 
15 1 5 3 4 
13 11 4 10 15 1 3 12 8 6 
13 6 4 11 12 2 5 3 1 
6 11 12 14 5 
3 15 7 8 6 5 
6 12 8 14 15 7 5 10 9 
6 7 12 2 9 13 1 3 14 15 
4 15 9 2 8 
7 10 12 2 6 
3 6 2 8 9 10 
10 1 2 8 14 
15 10 5 13 11 9 12 8 3 1 
2 4 13 8 12 5 11 10 1 14 
3 14 2 15 11 9 
7 2 1 13 4 8 3 14 
5 15 3 4 12 1 9 
1 12 13 6 8 5 4 7 
6 12 8 4 9 
13 10 7 3 8 
9 8 15 11 6 10 
10 11 4 7 6 13 
13 12 11 4 9 6 
12 1 6 3 2 7 15 
6 11 13 2 9 15 12 10 
12 8 11 6 2 
11 10 4 8 9 2 7 3 
5 9 15 14 11 3 12 8 
14 9 1 13 4 3 8 11 12 15 
8 13 7 12 4 2 5 
6 7 4 3 2 
13 4 11 2 9 7 1 8 5 15 
10 7 5 9 3 12 
13 15 11 2 7 5 4 
8 12 15 14 5 9 7 1 11 
1 14 2 5 15 3 
13 3 1 8 12 15 9 
7 13 14 15 2 11 1 10 
1 6 2 5 10 3 13 14 
10 7 1 5 13 11 3 4 
13 11 5 4 14 7 
3 9 5 8 2 6 13 
6 12 9 13 8 10 
9 11 15 14 4 5 10 6 8 
4 10 13 5 3 14 
10 8 13 2 1 15 14 
2 6 9 13 1 4 11 3 
13 10 6 5 3 11 1 
7 9 1 5 10 4 8 11 13 6 
9 12 13 14 4 10 2 
8 12 3 14 9 13 4 2 
4 2 10 13 7 1 9 3 
13 2 10 5 15 11 
10 15 1 11 12 
7 1 10 15 2 13 12 4 
7 5 8 1 10 
13 15 10 5 2 3 12 
12 15 6 11 7 2 8 10 1 
2 9 12 1 13 4 
12 4 5 14 9 3 6 1 11 7 
13 14 15 8 10 5 6 
4 15 1 7 9 8 
9 7 5 6 10 2 8 
3 15 6 13 8 7 
5 2 11 8 7 15 
9 4 13 7 12 3 15 
6 7 13 9 11 
11 2 15 4 1 13 8 7 
1 14 15 8 4 13 9 6 
1 15 9 12 10 
15 5 9 1 6 11 7 13 
1 4 10 3 14 13 15 9 5 11 
14 10 7 15 13 
8 11 14 1 9 6 10 5 3 2 
9 14 8 2 13 12 1 
3 14 10 12 13 
11 6 10 5 15 
8 14 11 3 1 13 
7 8 11 2 15 12 
3 1 6 7 12 4 13 
11 14 2 3 9 15 7 10 13 6 
14 5 10 7 3 4 8 6 15 
12 11 14 5 7 9 
12 8 9 15 4 5 3 13 
4 7 11 12 2 14 6 10 
14 7 9 4 10 5 1 
6 14 13 10 8 11 
10 13 15 12 1 
1 11 7 4 13 12 6 2 14 5 
14 2 3 12 11 9 13 15 8 10 
12 10 11 14 2 
4 14 2 10 15 9 8 
15 4 6 12 7 8 3 10 1 5 
10 8 12 11 6 9 4 5 14 
***P*** 
-1.0 72.0 -1.0 -1.0 15.0 30.0 -1.0 28.0 -1.0 -1.0 63.0 -1.0 -1.0 100.0 -1.0 
79.0 31.0 -1.0 -1.0 83.0 12.0 36.0 -1.0 -1.0 47.0 50.0 -1.0 66.0 46.0 -1.0 
-1.0 60.0 65.0 33.0 17.0 19.0 -1.0 62.0 -1.0 -1.0 -1.0 -1.0 47.0 39.0 25.0 
14.0 -1.0 56.0 -1.0 33.0 96.0 -1.0 -1.0 -1.0 -1.0 91.0 33.0 74.0 46.0 86.0 
-1.0 -1.0 -1.0 75.0 -1.0 16.0 -1.0 -1.0 -1.0 98.0 -1.0 -1.0 76.0 -1.0 17.0 
-1.0 24.0 43.0 17.0 -1.0 -1.0 60.0 -1.0 -1.0 44.0 -1.0 -1.0 -1.0 -1.0 -1.0 
-1.0 -1.0 26.0 24.0 -1.0 47.0 88.0 22.0 -1.0 -1.0 -1.0 -1.0 -1.0 -1.0 13.0 
-1.0 -1.0 49.0 86.0 -1.0 55.0 55.0 50.0 -1.0 24.0 91.0 97.0 85.0 -1.0 -1.0 
88.0 -1.0 44.0 57.0 -1.0 -1.0 49.0 89.0 -1.0 38.0 76.0 -1.0 -1.0 -1.0 32.0 
-1.0 -1.0 66.0 -1.0 59.0 -1.0 32.0 16.0 76.0 -1.0 -1.0 -1.0 -1.0 23.0 -1.0 
51.0 -1.0 19.0 -1.0 -1.0 83.0 -1.0 21.0 -1.0 60.0 64.0 89.0 20.0 -1.0 -1.0 
57.0 31.0 55.0 -1.0 85.0 53.0 -1.0 -1.0 99.0 -1.0 64.0 -1.0 93.0 -1.0 -1.0 
49.0 85.0 57.0 23.0 71.0 -1.0 21.0 -1.0 52.0 -1.0 -1.0 35.0 35.0 31.0 -1.0 
38.0 39.0 67.0 -1.0 -1.0 -1.0 32.0 -1.0 88.0 97.0 -1.0 96.0 52.0 27.0 84.0 
-1.0 41.0 94.0 -1.0 44.0 -1.0 -1.0 -1.0 -1.0 77.0 -1.0 -1.0 28.0 -1.0 78.0 
24.0 -1.0 70.0 -1.0 92.0 63.0 56.0 -1.0 90.0 26.0 86.0 -1.0 -1.0 -1.0 51.0 
52.0 -1.0 -1.0 -1.0 60.0 85.0 -1.0 62.0 57.0 27.0 -1.0 14.0 96.0 30.0 14.0 
-1.0 66.0 98.0 -1.0 -1.0 -1.0 -1.0 57.0 32.0 49.0 -1.0 45.0 30.0 33.0 -1.0 
44.0 -1.0 97.0 -1.0 55.0 58.0 42.0 -1.0 -1.0 -1.0 -1.0 15.0 43.0 -1.0 -1.0 
63.0 -1.0 19.0 -1.0 84.0 46.0 -1.0 44.0 -1.0 -1.0 -1.0 81.0 56.0 -1.0 69.0 
-1.0 -1.0 42.0 -1.0 40.0 -1.0 63.0 85.0 -1.0 53.0 28.0 16.0 76.0 -1.0 57.0 
-1.0 56.0 39.0 88.0 -1.0 -1.0 62.0 47.0 26.0 -1.0 -1.0 -1.0 99.0 -1.0 -1.0 
-1.0 42.0 -1.0 -1.0 -1.0 -1.0 -1.0 -1.0 66.0 -1.0 86.0 -1.0 45.0 -1.0 55.0 
41.0 -1.0 28.0 26.0 -1.0 67.0 10.0 75.0 -1.0 64.0 63.0 -1.0 16.0 -1.0 -1.0 
93.0 -1.0 -1.0 -1.0 62.0 -1.0 -1.0 35.0 -1.0 -1.0 -1.0 57.0 73.0 -1.0 74.0 
71.0 22.0 -1.0 87.0 -1.0 82.0 27.0 21.0 -1.0 88.0 -1.0 -1.0 -1.0 92.0 65.0 
-1.0 66.0 87.0 -1.0 25.0 -1.0 77.0 -1.0 -1.0 56.0 63.0 43.0 64.0 60.0 51.0 
88.0 -1.0 14.0 12.0 75.0 -1.0 54.0 -1.0 22.0 44.0 -1.0 -1.0 31.0 60.0 -1.0 
56.0 20.0 20.0 23.0 29.0 36.0 -1.0 -1.0 -1.0 56.0 35.0 79.0 -1.0 -1.0 25.0 
48.0 10.0 54.0 36.0 -1.0 47.0 58.0 38.0 31.0 -1.0 -1.0 -1.0 -1.0 -1.0 -1.0 
-1.0 28.0 -1.0 -1.0 18.0 -1.0 63.0 -1.0 55.0 -1.0 -1.0 85.0 -1.0 -1.0 -1.0 
41.0 -1.0 -1.0 92.0 -1.0 95.0 -1.0 -1.0 -1.0 -1.0 53.0 72.0 61.0 86.0 -1.0 
-1.0 -1.0 25.0 -1.0 41.0 42.0 -1.0 -1.0 21.0 13.0 -1.0 58.0 -1.0 97.0 -1.0 
-1.0 -1.0 65.0 31.0 -1.0 79.0 44.0 40.0 -1.0 16.0 41.0 -1.0 32.0 -1.0 -1.0 
80.0 -1.0 11.0 -1.0 -1.0 -1.0 -1.0 61.0 -1.0 27.0 98.0 -1.0 90.0 -1.0 12.0 
21.0 92.0 -1.0 -1.0 -1.0 54.0 -1.0 53.0 68.0 -1.0 20.0 25.0 -1.0 40.0 15.0 
-1.0 61.0 10.0 -1.0 30.0 -1.0 11.0 -1.0 58.0 -1.0 -1.0 -1.0 14.0 -1.0 52.0 
-1.0 -1.0 -1.0 35.0 19.0 -1.0 -1.0 35.0 79.0 -1.0 24.0 16.0 -1.0 -1.0 70.0 
-1.0 -1.0 28.0 100.0 99.0 -1.0 -1.0 44.0 -1.0 -1.0 12.0 95.0 63.0 17.0 -1.0 
100.0 -1.0 74.0 -1.0 -1.0 52.0 -1.0 -1.0 96.0 97.0 18.0 44.0 -1.0 44.0 44.0 
100.0 -1.0 54.0 80.0 -1.0 -1.0 -1.0 -1.0 86.0 -1.0 -1.0 69.0 68.0 -1.0 17.0 
-1.0 -1.0 82.0 81.0 32.0 92.0 69.0 79.0 51.0 66.0 -1.0 26.0 -1.0 33.0 -1.0 
-1.0 91.0 -1.0 -1.0 -1.0 50.0 -1.0 10.0 -1.0 -1.0 63.0 34.0 -1.0 -1.0 17.0 
19.0 65.0 -1.0 -1.0 33.0 -1.0 43.0 61.0 90.0 95.0 -1.0 -1.0 30.0 -1.0 54.0 
-1.0 73.0 -1.0 60.0 -1.0 34.0 39.0 -1.0 -1.0 -1.0 64.0 45.0 76.0 33.0 48.0 
-1.0 65.0 -1.0 -1.0 66.0 69.0 -1.0 -1.0 19.0 -1.0 -1.0 35.0 -1.0 78.0 20.0 
50.0 -1.0 -1.0 -1.0 26.0 36.0 100.0 35.0 16.0 -1.0 79.0 20.0 42.0 -1.0 -1.0 
-1.0 -1.0 -1.0 17.0 63.0 -1.0 36.0 -1.0 -1.0 11.0 17.0 -1.0 -1.0 -1.0 -1.0 
12.0 83.0 -1.0 25.0 47.0 -1.0 98.0 -1.0 31.0 -1.0 39.0 87.0 60.0 -1.0 -1.0 
87.0 20.0 76.0 -1.0 -1.0 -1.0 15.0 -1.0 -1.0 -1.0 -1.0 -1.0 83.0 71.0 -1.0 
-1.0 -1.0 96.0 -1.0 74.0 -1.0 39.0 -1.0 55.0 31.0 -1.0 29.0 -1.0 76.0 70.0 
-1.0 37.0 35.0 100.0 -1.0 97.0 75.0 79.0 -1.0 -1.0 76.0 -1.0 -1.0 25.0 -1.0 
64.0 -1.0 -1.0 -1.0 97.0 -1.0 -1.0 75.0 -1.0 -1.0 -1.0 -1.0 -1.0 50.0 36.0 
39.0 -1.0 -1.0 24.0 -1.0 -1.0 88.0 39.0 55.0 -1.0 -1.0 -1.0 -1.0 37.0 -1.0 
-1.0 76.0 59.0 -1.0 -1.0 -1.0 -1.0 -1.0 65.0 -1.0 100.0 47.0 -1.0 39.0 -1.0 
65.0 -1.0 -1.0 -1.0 30.0 -1.0 -1.0 -1.0 29.0 38.0 68.0 -1.0 14.0 63.0 -1.0 
-1.0 45.0 -1.0 -1.0 44.0 -1.0 63.0 -1.0 -1.0 -1.0 96.0 -1.0 94.0 17.0 -1.0 
91.0 -1.0 -1.0 -1.0 56.0 18.0 -1.0 -1.0 77.0 71.0 95.0 -1.0 47.0 91.0 -1.0 
71.0 85.0 -1.0 -1.0 24.0 -1.0 -1.0 98.0 94.0 85.0 66.0 -1.0 -1.0 -1.0 55.0 
-1.0 -1.0 -1.0 27.0 15.0 65.0 -1.0 -1.0 -1.0 -1.0 20.0 88.0 -1.0 73.0 -1.0 
72.0 24.0 -1.0 59.0 48.0 42.0 -1.0 -1.0 -1.0 13.0 53.0 -1.0 -1.0 -1.0 -1.0 
-1.0 38.0 98.0 55.0 -1.0 10.0 17.0 12.0 63.0 25.0 -1.0 -1.0 14.0 97.0 -1.0 
-1.0 29.0 -1.0 19.0 -1.0 17.0 -1.0 -1.0 -1.0 -1.0 -1.0 82.0 -1.0 11.0 -1.0 
-1.0 30.0 20.0 28.0 59.0 -1.0 -1.0 41.0 -1.0 56.0 99.0 -1.0 19.0 99.0 -1.0 
59.0 86.0 44.0 -1.0 -1.0 -1.0 76.0 -1.0 62.0 47.0 44.0 30.0 -1.0 49.0 57.0 
-1.0 76.0 19.0 -1.0 18.0 -1.0 50.0 -1.0 69.0 -1.0 -1.0 -1.0 -1.0 -1.0 24.0 
-1.0 -1.0 52.0 60.0 62.0 -1.0 22.0 77.0 26.0 -1.0 -1.0 48.0 31.0 15.0 -1.0 
11.0 93.0 -1.0 35.0 -1.0 59.0 -1.0 -1.0 60.0 -1.0 -1.0 -1.0 -1.0 -1.0 -1.0 
-1.0 17.0 87.0 -1.0 28.0 32.0 -1.0 69.0 -1.0 -1.0 75.0 42.0 77.0 72.0 91.0 
-1.0 32.0 -1.0 51.0 18.0 -1.0 -1.0 93.0 31.0 -1.0 13.0 -1.0 -1.0 22.0 -1.0 
-1.0 -1.0 18.0 -1.0 -1.0 66.0 -1.0 59.0 43.0 -1.0 -1.0 -1.0 46.0 -1.0 -1.0 
12.0 33.0 -1.0 -1.0 56.0 -1.0 58.0 -1.0 -1.0 -1.0 64.0 -1.0 70.0 29.0 -1.0 
18.0 86.0 86.0 48.0 74.0 -1.0 36.0 -1.0 33.0 -1.0 84.0 90.0 12.0 -1.0 -1.0 
68.0 -1.0 61.0 25.0 82.0 -1.0 -1.0 -1.0 -1.0 -1.0 -1.0 -1.0 -1.0 -1.0 42.0 
94.0 -1.0 48.0 80.0 -1.0 36.0 -1.0 48.0 -1.0 41.0 32.0 11.0 81.0 -1.0 19.0 
75.0 49.0 59.0 23.0 97.0 58.0 -1.0 -1.0 -1.0 -1.0 30.0 70.0 67.0 -1.0 -1.0 
-1.0 -1.0 -1.0 -1.0 29.0 11.0 -1.0 -1.0 -1.0 -1.0 66.0 87.0 -1.0 97.0 -1.0 
-1.0 -1.0 60.0 -1.0 63.0 16.0 71.0 52.0 -1.0 -1.0 -1.0 -1.0 -1.0 -1.0 42.0 
-1.0 -1.0 -1.0 -1.0 60.0 62.0 34.0 39.0 95.0 70.0 -1.0 48.0 -1.0 24.0 19.0 
89.0 100.0 43.0 -1.0 -1.0 21.0 43.0 -1.0 54.0 -1.0 -1.0 28.0 28.0 97.0 87.0 
-1.0 25.0 -1.0 84.0 -1.0 -1.0 -1.0 56.0 53.0 -1.0 -1.0 -1.0 -1.0 -1.0 44.0 
-1.0 25.0 -1.0 -1.0 -1.0 23.0 77.0 -1.0 -1.0 70.0 -1.0 61.0 -1.0 -1.0 -1.0 
-1.0 84.0 60.0 -1.0 -1.0 45.0 -1.0 24.0 24.0 63.0 -1.0 -1.0 -1.0 -1.0 -1.0 
59.0 90.0 -1.0 -1.0 -1.0 -1.0 -1.0 18.0 -1.0 37.0 -1.0 -1.0 -1.0 99.0 -1.0 
97.0 -1.0 57.0 -1.0 86.0 -1.0 -1.0 64.0 64.0 70.0 31.0 28.0 14.0 -1.0 78.0 
13.0 68.0 -1.0 20.0 86.0 -1.0 -1.0 19.0 -1.0 66.0 12.0 96.0 83.0 42.0 -1.0 
-1.0 74.0 55.0 -1.0 -1.0 -1.0 -1.0 -1.0 73.0 -1.0 13.0 -1.0 -1.0 77.0 47.0 
94.0 65.0 60.0 77.0 -1.0 -1.0 88.0 36.0 -1.0 -1.0 -1.0 -1.0 34.0 69.0 -1.0 
78.0 -1.0 41.0 82.0 80.0 -1.0 -1.0 -1.0 97.0 -1.0 -1.0 12.0 -1.0 -1.0 84.0 
41.0 -1.0 -1.0 24.0 65.0 19.0 61.0 83.0 -1.0 -1.0 -1.0 28.0 67.0 -1.0 -1.0 
-1.0 -1.0 -1.0 63.0 -1.0 94.0 -1.0 69.0 20.0 -1.0 -1.0 70.0 -1.0 -1.0 -1.0 
-1.0 -1.0 46.0 -1.0 -1.0 -1.0 64.0 79.0 -1.0 12.0 -1.0 -1.0 53.0 -1.0 -1.0 
-1.0 -1.0 -1.0 -1.0 -1.0 41.0 -1.0 82.0 99.0 23.0 33.0 -1.0 -1.0 -1.0 66.0 
-1.0 -1.0 -1.0 32.0 -1.0 25.0 77.0 -1.0 -1.0 100.0 73.0 -1.0 78.0 -1.0 -1.0 
-1.0 -1.0 -1.0 10.0 -1.0 12.0 -1.0 -1.0 85.0 -1.0 81.0 95.0 65.0 -1.0 -1.0 
12.0 34.0 67.0 -1.0 -1.0 19.0 90.0 -1.0 -1.0 -1.0 -1.0 94.0 -1.0 -1.0 92.0 
-1.0 91.0 -1.0 -1.0 -1.0 16.0 -1.0 -1.0 52.0 21.0 95.0 39.0 44.0 -1.0 98.0 
-1.0 21.0 -1.0 -1.0 -1.0 100.0 -1.0 88.0 -1.0 -1.0 31.0 80.0 -1.0 -1.0 -1.0 
-1.0 79.0 37.0 65.0 -1.0 -1.0 55.0 48.0 61.0 18.0 32.0 -1.0 -1.0 -1.0 -1.0 
-1.0 -1.0 56.0 -1.0 24.0 -1.0 -1.0 72.0 92.0 -1.0 48.0 68.0 -1.0 89.0 45.0 
47.0 -1.0 90.0 96.0 -1.0 -1.0 -1.0 25.0 44.0 -1.0 84.0 55.0 52.0 93.0 18.0 
-1.0 13.0 -1.0 62.0 75.0 -1.0 44.0 44.0 -1.0 -1.0 -1.0 100.0 75.0 -1.0 -1.0 
-1.0 47.0 35.0 27.0 -1.0 81.0 35.0 -1.0 -1.0 -1.0 -1.0 -1.0 -1.0 -1.0 -1.0 
60.0 34.0 -1.0 41.0 72.0 -1.0 78.0 63.0 79.0 -1.0 83.0 -1.0 94.0 -1.0 66.0 
-1.0 -1.0 41.0 -1.0 41.0 -1.0 85.0 -1.0 75.0 87.0 -1.0 11.0 -1.0 -1.0 -1.0 
-1.0 38.0 -1.0 73.0 40.0 -1.0 81.0 -1.0 -1.0 -1.0 13.0 -1.0 71.0 -1.0 11.0 
80.0 -1.0 -1.0 -1.0 90.0 -1.0 53.0 11.0 61.0 -1.0 96.0 27.0 -1.0 13.0 94.0 
84.0 61.0 25.0 -1.0 66.0 -1.0 -1.0 -1.0 -1.0 -1.0 -1.0 -1.0 -1.0 59.0 72.0 
66.0 -1.0 85.0 -1.0 -1.0 -1.0 -1.0 43.0 96.0 -1.0 -1.0 54.0 58.0 -1.0 13.0 
15.0 40.0 -1.0 -1.0 -1.0 -1.0 46.0 -1.0 -1.0 52.0 60.0 -1.0 62.0 80.0 71.0 
92.0 88.0 40.0 -1.0 46.0 83.0 -1.0 -1.0 -1.0 24.0 -1.0 -1.0 59.0 38.0 -1.0 
70.0 -1.0 67.0 100.0 68.0 -1.0 80.0 -1.0 -1.0 72.0 45.0 -1.0 34.0 -1.0 -1.0 
-1.0 -1.0 -1.0 77.0 89.0 -1.0 22.0 -1.0 -1.0 -1.0 40.0 -1.0 16.0 70.0 -1.0 
-1.0 28.0 40.0 -1.0 83.0 75.0 -1.0 72.0 28.0 -1.0 -1.0 -1.0 82.0 -1.0 -1.0 
-1.0 -1.0 -1.0 -1.0 -1.0 86.0 -1.0 95.0 18.0 36.0 -1.0 88.0 20.0 -1.0 -1.0 
-1.0 -1.0 -1.0 20.0 85.0 18.0 -1.0 36.0 21.0 47.0 84.0 -1.0 -1.0 51.0 95.0 
-1.0 -1.0 20.0 49.0 40.0 -1.0 -1.0 -1.0 -1.0 92.0 -1.0 -1.0 84.0 32.0 -1.0 
86.0 54.0 -1.0 -1.0 -1.0 -1.0 -1.0 20.0 -1.0 58.0 -1.0 -1.0 69.0 76.0 20.0 
65.0 42.0 24.0 29.0 -1.0 99.0 -1.0 -1.0 30.0 -1.0 99.0 -1.0 36.0 -1.0 -1.0 
47.0 -1.0 72.0 -1.0 25.0 38.0 -1.0 -1.0 -1.0 49.0 24.0 -1.0 86.0 -1.0 -1.0 
25.0 -1.0 -1.0 97.0 20.0 95.0 67.0 72.0 43.0 93.0 89.0 -1.0 100.0 -1.0 -1.0 
-1.0 32.0 -1.0 82.0 -1.0 -1.0 -1.0 -1.0 35.0 15.0 -1.0 65.0 94.0 63.0 -1.0 
-1.0 25.0 42.0 92.0 -1.0 -1.0 -1.0 87.0 77.0 -1.0 -1.0 37.0 82.0 75.0 -1.0 
23.0 31.0 63.0 16.0 -1.0 -1.0 13.0 -1.0 13.0 96.0 -1.0 -1.0 38.0 -1.0 -1.0 
-1.0 44.0 -1.0 -1.0 62.0 -1.0 -1.0 -1.0 -1.0 60.0 16.0 -1.0 47.0 -1.0 35.0 
77.0 -1.0 -1.0 -1.0 -1.0 -1.0 -1.0 -1.0 -1.0 42.0 16.0 23.0 -1.0 -1.0 97.0 
66.0 82.0 -1.0 37.0 -1.0 -1.0 10.0 -1.0 -1.0 27.0 -1.0 95.0 50.0 -1.0 92.0 
18.0 -1.0 -1.0 -1.0 44.0 -1.0 80.0 87.0 -1.0 52.0 -1.0 -1.0 -1.0 -1.0 -1.0 
-1.0 34.0 65.0 -1.0 64.0 -1.0 -1.0 -1.0 -1.0 37.0 -1.0 83.0 98.0 -1.0 79.0 
87.0 63.0 -1.0 -1.0 -1.0 84.0 75.0 34.0 -1.0 75.0 78.0 10.0 -1.0 -1.0 20.0 
37.0 56.0 -1.0 72.0 -1.0 -1.0 -1.0 -1.0 90.0 -1.0 -1.0 40.0 42.0 -1.0 -1.0 
68.0 -1.0 80.0 69.0 41.0 41.0 66.0 -1.0 93.0 -1.0 94.0 38.0 -1.0 47.0 -1.0 
-1.0 -1.0 -1.0 -1.0 43.0 43.0 -1.0 84.0 -1.0 25.0 -1.0 -1.0 46.0 71.0 71.0 
96.0 -1.0 -1.0 68.0 -1.0 -1.0 53.0 93.0 80.0 -1.0 -1.0 -1.0 -1.0 -1.0 51.0 
-1.0 93.0 -1.0 -1.0 58.0 73.0 33.0 11.0 94.0 97.0 -1.0 -1.0 -1.0 -1.0 -1.0 
-1.0 -1.0 39.0 -1.0 -1.0 29.0 74.0 65.0 -1.0 -1.0 -1.0 -1.0 89.0 -1.0 64.0 
-1.0 27.0 -1.0 -1.0 10.0 -1.0 51.0 58.0 -1.0 -1.0 21.0 -1.0 -1.0 -1.0 51.0 
-1.0 -1.0 64.0 46.0 -1.0 -1.0 53.0 -1.0 10.0 -1.0 -1.0 29.0 33.0 -1.0 41.0 
-1.0 -1.0 -1.0 -1.0 -1.0 16.0 84.0 -1.0 44.0 -1.0 52.0 -1.0 91.0 -1.0 -1.0 
93.0 93.0 -1.0 66.0 -1.0 -1.0 32.0 37.0 -1.0 -1.0 51.0 -1.0 32.0 -1.0 79.0 
10.0 -1.0 -1.0 42.0 -1.0 32.0 -1.0 36.0 23.0 -1.0 -1.0 -1.0 24.0 76.0 22.0 
53.0 -1.0 -1.0 -1.0 -1.0 -1.0 -1.0 -1.0 73.0 34.0 -1.0 88.0 -1.0 -1.0 63.0 
94.0 -1.0 -1.0 -1.0 54.0 23.0 72.0 -1.0 85.0 -1.0 86.0 -1.0 15.0 -1.0 45.0 
35.0 -1.0 35.0 58.0 83.0 -1.0 -1.0 -1.0 29.0 49.0 31.0 -1.0 64.0 56.0 28.0 
-1.0 -1.0 -1.0 -1.0 -1.0 -1.0 91.0 -1.0 -1.0 91.0 -1.0 -1.0 10.0 32.0 54.0 
25.0 23.0 42.0 -1.0 32.0 24.0 -1.0 88.0 96.0 48.0 29.0 -1.0 -1.0 98.0 -1.0 
91.0 86.0 -1.0 -1.0 -1.0 -1.0 -1.0 79.0 69.0 -1.0 -1.0 24.0 43.0 60.0 -1.0 
-1.0 -1.0 59.0 -1.0 -1.0 -1.0 -1.0 -1.0 -1.0 33.0 -1.0 15.0 84.0 28.0 -1.0 
-1.0 -1.0 -1.0 -1.0 38.0 43.0 -1.0 -1.0 -1.0 42.0 85.0 -1.0 -1.0 -1.0 93.0 
87.0 -1.0 35.0 -1.0 -1.0 -1.0 -1.0 12.0 -1.0 -1.0 46.0 -1.0 78.0 93.0 -1.0 
-1.0 37.0 -1.0 -1.0 -1.0 -1.0 79.0 36.0 -1.0 -1.0 80.0 16.0 -1.0 -1.0 64.0 
55.0 -1.0 100.0 20.0 -1.0 99.0 81.0 -1.0 -1.0 -1.0 -1.0 74.0 22.0 -1.0 -1.0 
-1.0 54.0 24.0 -1.0 -1.0 95.0 21.0 -1.0 54.0 61.0 84.0 -1.0 33.0 80.0 96.0 
-1.0 -1.0 44.0 78.0 57.0 76.0 12.0 21.0 -1.0 62.0 -1.0 -1.0 -1.0 66.0 92.0 
-1.0 -1.0 -1.0 -1.0 70.0 -1.0 15.0 -1.0 18.0 -1.0 67.0 47.0 -1.0 61.0 -1.0 
-1.0 -1.0 35.0 21.0 24.0 -1.0 -1.0 61.0 44.0 -1.0 -1.0 79.0 87.0 -1.0 51.0 
-1.0 54.0 -1.0 42.0 -1.0 65.0 84.0 -1.0 -1.0 58.0 40.0 17.0 -1.0 87.0 -1.0 
36.0 -1.0 -1.0 37.0 56.0 -1.0 38.0 -1.0 90.0 55.0 -1.0 -1.0 -1.0 38.0 -1.0 
-1.0 -1.0 -1.0 -1.0 -1.0 75.0 -1.0 52.0 -1.0 87.0 33.0 -1.0 50.0 74.0 -1.0 
95.0 -1.0 -1.0 -1.0 -1.0 -1.0 -1.0 -1.0 -1.0 14.0 -1.0 67.0 81.0 -1.0 43.0 
69.0 73.0 -1.0 46.0 18.0 38.0 57.0 -1.0 -1.0 -1.0 42.0 78.0 90.0 78.0 -1.0 
-1.0 57.0 82.0 -1.0 -1.0 -1.0 -1.0 53.0 25.0 100.0 62.0 88.0 31.0 28.0 51.0 
-1.0 69.0 -1.0 -1.0 -1.0 -1.0 -1.0 -1.0 -1.0 43.0 83.0 84.0 -1.0 34.0 -1.0 
-1.0 52.0 -1.0 94.0 -1.0 -1.0 -1.0 19.0 54.0 18.0 -1.0 -1.0 -1.0 98.0 32.0 
97.0 -1.0 28.0 30.0 29.0 40.0 10.0 73.0 -1.0 46.0 -1.0 70.0 -1.0 -1.0 64.0 
-1.0 -1.0 -1.0 24.0 15.0 55.0 -1.0 71.0 15.0 71.0 61.0 75.0 -1.0 15.0 -1.0 
