***n m*** 
30 15 
***h*** 
13 12 10 12 9 11 12 10 7 11 11 12 11 12 15 11 9 6 6 7 11 13 12 8 8 9 7 14 12 14 
***d*** 
246.78 1697.42 2237.89 2182.9 2149.96 245.94 1005.85 1477.67 943.49 243.95 1713.78 242.96 245.84 1479.38 1783.35 959.66 953.94 2058.98 2003.99 1369.4 1437.72 244.71 1515.88 2095.4 1621.09 1442.35 2135.88 1514.59 1726.61 2237.35 
***M*** 
4 15 2 11 14 13 
15 13 4 6 12 2 
11 9 2 3 14 6 7 13 15 
11 3 14 13 15 12 1 4 
1 8 11 9 13 
5 3 2 9 14 10 11 
5 6 4 8 9 
1 3 7 14 5 
5 9 14 3 10 8 7 12 
14 8 15 4 9 1 7 10 6 
6 15 7 11 4 9 
1 10 15 13 8 5 14 11 
11 8 13 3 4 9 7 
9 15 12 4 3 2 
4 6 14 8 11 
13 1 9 8 3 12 4 5 2 
6 10 14 1 15 12 11 3 4 
3 2 8 5 11 15 
10 12 6 4 11 5 1 14 3 13 
2 3 9 10 11 8 14 5 
7 11 10 9 6 5 4 
9 15 11 1 4 7 10 14 8 3 
11 10 1 15 6 14 3 4 5 
11 3 6 10 14 12 7 
5 13 1 11 8 6 
8 14 6 9 15 5 
2 10 1 13 6 12 
3 8 13 11 6 15 12 4 
12 10 7 1 13 15 14 3 11 
5 3 12 14 1 
4 6 13 11 2 15 14 3 
13 10 5 14 11 6 12 2 9 
12 3 4 15 7 8 11 10 6 5 
2 14 1 5 8 15 13 9 3 
12 7 4 11 10 9 5 1 15 3 
13 11 4 6 1 
4 10 2 6 8 5 
11 14 9 15 13 12 10 2 8 6 
10 7 13 12 5 
11 6 7 12 8 5 
15 9 4 2 1 12 6 8 13 5 
7 8 14 6 11 1 12 9 
2 4 9 15 12 8 
4 12 11 14 10 15 7 
9 12 8 11 13 15 10 2 14 7 
2 3 7 6 12 4 8 11 13 15 
14 6 10 7 12 5 
2 3 4 14 9 13 
12 7 3 6 8 11 13 9 
15 4 2 5 12 7 8 1 6 13 
2 15 7 6 4 
10 12 15 11 8 7 13 3 14 
13 6 7 2 11 12 
15 12 6 1 11 14 9 2 5 
5 8 1 10 3 14 9 11 13 
6 14 3 8 2 10 9 13 7 
14 2 8 5 3 10 13 
8 15 13 11 10 14 
10 13 11 3 9 15 8 12 14 4 
1 15 11 5 9 7 
5 6 3 13 9 
9 12 10 8 13 14 4 1 7 
6 8 4 2 10 9 13 7 1 
12 5 15 9 3 1 7 14 2 
4 12 13 9 15 14 
10 4 15 14 2 3 9 
14 3 12 13 15 5 
9 13 1 7 15 10 6 
6 4 1 3 2 12 7 13 
14 13 1 15 8 10 4 6 2 3 
8 7 9 10 14 12 11 5 2 
12 6 4 2 14 
8 3 14 5 13 6 10 
10 6 7 2 13 15 1 3 5 
14 10 4 8 7 1 3 12 5 2 
15 2 10 3 12 4 11 1 6 
7 10 2 14 3 13 6 15 11 
5 2 8 15 13 
11 4 15 10 3 6 9 8 
13 11 7 8 2 1 3 
7 14 8 6 1 5 12 11 4 9 
6 2 7 10 12 13 
5 2 8 4 9 10 14 7 3 6 
9 11 15 7 14 5 
7 8 13 14 10 12 15 11 
6 14 5 9 7 15 13 2 
10 14 8 7 11 4 
5 2 11 7 4 3 13 15 14 10 
7 9 13 1 12 8 5 15 2 
6 12 13 10 15 
5 14 3 4 6 11 2 13 
15 6 5 9 12 11 4 8 
10 12 15 3 9 6 14 13 
15 12 11 8 7 1 14 5 
3 4 9 6 8 15 2 
12 5 11 13 15 14 10 9 7 4 
4 7 3 14 11 9 1 10 
12 15 4 13 1 6 14 
11 8 3 12 15 5 1 9 4 10 
9 2 15 3 1 14 5 12 10 6 
3 14 7 8 12 13 11 5 10 
6 3 13 1 4 10 9 15 12 
14 1 5 3 7 13 15 10 11 2 
10 14 8 2 6 4 3 9 7 15 
15 9 8 11 14 7 1 
7 3 15 10 4 5 12 
14 1 10 11 8 6 4 7 2 
15 12 4 8 1 3 
11 8 13 12 3 2 
2 8 3 13 4 
15 11 8 3 7 13 1 2 12 
9 1 6 8 14 4 11 13 
2 10 5 1 7 3 8 9 
9 10 2 11 6 
1 14 15 11 3 8 
10 4 14 3 13 2 11 
7 2 12 4 8 11 5 
14 9 7 6 1 13 10 12 3 2 
8 9 2 11 12 7 5 15 
11 9 3 6 14 5 
14 9 6 4 5 8 1 
1 15 12 6 5 
12 3 2 4 7 11 8 
2 4 1 10 11 7 
5 12 11 8 7 2 10 14 3 15 
9 4 10 11 12 1 
6 2 3 9 5 10 
6 8 12 11 1 15 2 4 7 
15 1 4 6 13 2 8 5 9 7 
15 1 3 4 6 8 7 11 9 
8 3 1 10 14 12 9 13 
11 8 2 12 1 10 13 3 7 
11 10 8 4 9 1 14 6 
6 7 2 3 14 8 4 
11 6 13 5 1 9 8 15 3 
5 12 10 8 4 14 13 6 
13 10 15 3 8 1 14 2 9 7 
15 13 8 10 12 
10 5 1 4 15 8 3 6 13 
14 9 12 6 1 10 7 2 
9 10 5 15 8 
7 14 15 9 4 5 
12 5 9 13 11 4 1 
9 3 8 15 12 10 14 6 
1 6 14 13 5 
14 5 3 2 10 9 
9 5 8 6 13 3 12 4 
2 13 8 9 14 15 1 5 6 4 
8 11 4 5 7 13 12 1 6 
4 1 8 15 6 11 7 3 12 13 
1 11 5 4 13 8 9 
7 9 1 12 2 
4 11 14 6 9 13 1 2 
1 9 12 10 11 4 
12 5 14 7 10 15 3 
6 13 4 7 3 1 12 15 14 8 
7 2 6 11 13 10 5 1 
10 8 15 2 12 7 
10 9 2 3 7 
13 7 2 8 6 11 15 12 9 
13 5 7 6 11 3 2 12 
11 15 13 3 12 
9 11 4 7 1 
12 10 3 11 4 1 
11 1 4 10 8 7 9 13 5 
12 14 5 9 15 
6 12 3 7 11 5 13 2 
15 4 12 13 6 5 14 
8 9 14 13 1 10 15 2 12 
2 14 7 12 10 13 9 
14 1 13 15 10 12 3 7 11 9 
7 8 14 6 3 9 10 1 15 5 
4 8 9 7 11 14 10 13 1 2 
8 1 4 12 3 10 11 7 
1 8 2 4 11 10 9 13 
5 15 10 4 3 
1 2 10 3 4 
11 3 5 14 4 2 7 
8 7 6 15 3 5 9 13 
4 14 13 10 9 11 15 2 7 
9 13 10 4 14 
11 9 14 8 13 1 15 
7 6 14 8 3 13 
1 13 4 10 7 12 5 8 6 
14 13 15 3 9 1 
7 13 14 4 8 10 
6 15 12 3 1 4 7 9 
4 13 9 14 15 6 8 
4 7 1 12 14 2 
6 5 4 3 10 
6 12 5 8 2 
14 5 9 4 10 
7 3 6 10 13 8 15 2 11 14 
2 13 12 4 11 6 14 15 
13 2 8 7 4 
6 15 11 1 2 3 
1 11 12 4 9 14 6 
2 1 4 13 12 5 
1 2 14 5 7 
14 12 3 9 13 15 11 
10 9 5 3 14 2 1 12 6 4 
13 6 10 7 9 8 
2 8 9 13 4 5 3 15 
2 5 15 3 12 11 13 6 9 10 
5 2 14 4 10 13 3 8 9 
10 9 3 15 4 6 2 8 7 11 
10 8 9 4 11 2 
6 13 14 1 5 12 2 
4 15 1 10 2 5 13 3 6 12 
14 2 15 13 12 
14 1 9 15 3 11 13 7 
5 12 6 3 4 8 15 
6 1 3 8 4 12 
4 7 13 11 14 9 10 12 
6 3 4 5 1 12 8 2 
11 7 14 4 1 
5 12 8 10 13 
11 13 6 5 7 15 9 
9 4 12 13 6 5 
1 12 6 2 8 3 13 
8 1 11 14 9 15 
14 6 1 3 8 15 4 13 10 9 
7 1 6 12 13 2 8 11 10 3 
8 11 10 15 2 5 9 7 12 
2 7 3 4 9 14 5 
2 15 8 14 1 
1 13 8 15 2 
11 3 6 5 1 9 10 8 
9 4 13 8 6 
14 12 7 9 1 10 13 
9 7 5 1 14 12 
2 10 15 4 13 
14 9 3 11 7 12 15 8 
5 13 9 14 10 6 11 3 
13 9 6 15 11 1 10 
10 4 8 12 11 3 
13 11 2 12 7 1 6 9 
5 2 7 8 14 9 4 12 6 15 
15 8 14 6 1 13 7 4 12 
6 2 9 14 15 5 11 13 
5 2 13 6 11 4 15 9 3 1 
8 12 5 10 15 1 11 6 3 
4 10 5 14 13 8 
12 9 4 11 8 
6 1 4 13 3 10 5 9 
1 5 6 4 14 15 2 8 10 13 
10 2 3 14 8 11 1 12 
5 13 10 14 8 3 12 6 
5 3 7 13 10 14 11 2 15 8 
11 14 10 6 7 13 3 8 
9 11 12 14 2 8 5 13 6 15 
1 12 11 3 15 14 5 6 9 10 
3 10 14 7 15 13 11 
8 13 5 11 3 10 
5 4 10 12 13 7 
5 3 8 9 7 
2 13 8 3 5 4 
3 4 8 1 10 6 13 5 9 12 
10 2 15 12 14 9 11 3 4 13 
9 14 4 5 15 6 13 1 11 10 
3 11 15 12 10 14 2 
12 10 2 13 1 9 8 
6 14 8 12 11 2 4 5 10 9 
4 3 1 11 12 15 7 14 
6 4 2 8 1 9 15 12 
13 9 14 2 10 4 
7 4 1 9 12 10 14 11 8 3 
6 2 11 5 3 
6 1 14 7 8 3 10 2 11 
4 6 5 3 1 9 14 
13 1 2 4 7 6 3 15 14 9 
11 12 7 10 8 6 5 
2 12 3 9 14 1 
10 1 14 2 15 3 13 12 
11 13 10 4 9 8 6 7 14 
7 2 3 1 15 12 6 
5 13 14 6 9 10 2 15 7 12 
5 9 14 7 12 3 4 2 
6 8 11 12 5 10 3 2 
1 15 5 2 9 12 
2 14 13 7 12 3 15 8 1 4 
5 9 3 13 6 10 
10 3 8 9 6 
5 11 6 7 2 12 1 
6 12 14 2 15 3 9 
6 3 11 9 10 15 14 
12 2 15 4 14 1 5 6 
2 12 15 13 9 1 6 10 3 
12 4 2 15 13 5 1 
5 11 2 9 12 
4 15 14 7 1 13 
10 6 15 9 7 12 
10 7 15 9 2 5 12 
7 12 9 6 13 
1 9 4 11 2 13 5 
7 12 1 11 6 
15 7 13 8 14 5 6 3 
14 4 5 2 12 11 
10 1 11 13 8 12 5 14 
1 14 8 5 10 
7 2 13 5 1 14 4 
4 15 9 11 10 
10 4 15 2 14 9 
12 13 7 11 3 1 9 15 14 
9 15 2 8 13 5 
4 3 6 2 10 9 
8 14 1 13 11 4 10 5 6 
9 6 7 1 12 3 5 2 14 
15 13 2 5 1 4 10 
2 11 3 12 7 14 13 15 4 
12 7 14 11 4 13 6 2 8 
10 5 4 8 7 9 3 15 2 
1 12 7 2 14 
7 5 4 15 8 13 14 9 10 
1 12 13 6 9 5 2 15 
***P*** 
-1.0 95.0 -1.0 98.0 -1.0 -1.0 -1.0 -1.0 -1.0 -1.0 81.0 -1.0 37.0 76.0 79.0 
-1.0 17.0 -1.0 60.0 -1.0 83.0 -1.0 -1.0 -1.0 -1.0 -1.0 27.0 87.0 -1.0 30.0 
-1.0 87.0 79.0 -1.0 -1.0 99.0 86.0 -1.0 92.0 -1.0 67.0 -1.0 70.0 67.0 89.0 
99.0 -1.0 79.0 87.0 -1.0 -1.0 -1.0 -1.0 -1.0 -1.0 98.0 97.0 29.0 25.0 25.0 
66.0 -1.0 -1.0 -1.0 -1.0 -1.0 -1.0 65.0 93.0 -1.0 68.0 -1.0 53.0 -1.0 -1.0 
-1.0 17.0 94.0 -1.0 80.0 -1.0 -1.0 -1.0 94.0 59.0 51.0 -1.0 -1.0 98.0 -1.0 
-1.0 -1.0 -1.0 23.0 63.0 54.0 -1.0 41.0 87.0 -1.0 -1.0 -1.0 -1.0 -1.0 -1.0 
67.0 -1.0 30.0 -1.0 37.0 -1.0 24.0 -1.0 -1.0 -1.0 -1.0 -1.0 -1.0 93.0 -1.0 
-1.0 -1.0 39.0 -1.0 67.0 -1.0 82.0 40.0 30.0 65.0 -1.0 12.0 -1.0 68.0 -1.0 
78.0 -1.0 -1.0 62.0 -1.0 42.0 82.0 96.0 70.0 69.0 -1.0 -1.0 -1.0 32.0 55.0 
-1.0 -1.0 -1.0 21.0 -1.0 47.0 30.0 -1.0 53.0 -1.0 26.0 -1.0 -1.0 -1.0 90.0 
66.0 -1.0 -1.0 -1.0 96.0 -1.0 -1.0 41.0 -1.0 94.0 25.0 -1.0 69.0 72.0 97.0 
-1.0 -1.0 96.0 100.0 -1.0 -1.0 93.0 52.0 27.0 -1.0 77.0 -1.0 93.0 -1.0 -1.0 
-1.0 64.0 40.0 38.0 -1.0 -1.0 -1.0 -1.0 75.0 -1.0 -1.0 58.0 -1.0 -1.0 88.0 
-1.0 -1.0 -1.0 64.0 -1.0 36.0 -1.0 68.0 -1.0 -1.0 66.0 -1.0 -1.0 45.0 -1.0 
82.0 83.0 27.0 44.0 40.0 -1.0 -1.0 85.0 40.0 -1.0 -1.0 61.0 84.0 -1.0 -1.0 
12.0 -1.0 31.0 43.0 -1.0 30.0 -1.0 -1.0 -1.0 79.0 40.0 74.0 -1.0 24.0 49.0 
-1.0 22.0 41.0 -1.0 59.0 -1.0 -1.0 13.0 -1.0 -1.0 82.0 -1.0 -1.0 -1.0 36.0 
31.0 -1.0 16.0 70.0 39.0 79.0 -1.0 -1.0 -1.0 59.0 18.0 98.0 44.0 36.0 -1.0 
-1.0 53.0 54.0 -1.0 18.0 -1.0 -1.0 42.0 27.0 88.0 67.0 -1.0 -1.0 64.0 -1.0 
-1.0 -1.0 -1.0 11.0 61.0 12.0 34.0 -1.0 80.0 20.0 74.0 -1.0 -1.0 -1.0 -1.0 
26.0 -1.0 56.0 29.0 -1.0 -1.0 83.0 98.0 67.0 50.0 82.0 -1.0 -1.0 48.0 94.0 
88.0 -1.0 55.0 36.0 25.0 49.0 -1.0 -1.0 -1.0 87.0 29.0 -1.0 -1.0 75.0 46.0 
-1.0 -1.0 15.0 -1.0 -1.0 13.0 56.0 -1.0 -1.0 75.0 22.0 13.0 -1.0 81.0 -1.0 
68.0 -1.0 -1.0 -1.0 46.0 63.0 -1.0 14.0 -1.0 -1.0 48.0 -1.0 19.0 -1.0 -1.0 
-1.0 -1.0 -1.0 -1.0 78.0 20.0 -1.0 41.0 85.0 -1.0 -1.0 -1.0 -1.0 19.0 83.0 
14.0 19.0 -1.0 -1.0 -1.0 34.0 -1.0 -1.0 -1.0 34.0 -1.0 11.0 66.0 -1.0 -1.0 
-1.0 -1.0 97.0 65.0 -1.0 29.0 -1.0 40.0 -1.0 -1.0 44.0 74.0 48.0 -1.0 52.0 
66.0 -1.0 41.0 -1.0 -1.0 -1.0 99.0 -1.0 -1.0 91.0 49.0 90.0 24.0 36.0 21.0 
24.0 -1.0 97.0 -1.0 76.0 -1.0 -1.0 -1.0 -1.0 -1.0 -1.0 88.0 -1.0 69.0 -1.0 
-1.0 40.0 97.0 66.0 -1.0 61.0 -1.0 -1.0 -1.0 -1.0 76.0 -1.0 89.0 25.0 87.0 
-1.0 31.0 -1.0 -1.0 72.0 48.0 -1.0 -1.0 24.0 81.0 86.0 99.0 40.0 31.0 -1.0 
-1.0 -1.0 88.0 75.0 94.0 55.0 27.0 83.0 -1.0 39.0 85.0 76.0 -1.0 -1.0 67.0 
35.0 50.0 59.0 -1.0 68.0 -1.0 -1.0 84.0 29.0 -1.0 -1.0 -1.0 73.0 87.0 14.0 
73.0 -1.0 98.0 65.0 72.0 -1.0 49.0 -1.0 35.0 93.0 11.0 79.0 -1.0 -1.0 85.0 
83.0 -1.0 -1.0 25.0 -1.0 37.0 -1.0 -1.0 -1.0 -1.0 72.0 -1.0 50.0 -1.0 -1.0 
-1.0 80.0 -1.0 53.0 85.0 37.0 -1.0 82.0 -1.0 47.0 -1.0 -1.0 -1.0 -1.0 -1.0 
-1.0 73.0 -1.0 -1.0 -1.0 10.0 -1.0 34.0 94.0 63.0 13.0 66.0 39.0 63.0 29.0 
-1.0 -1.0 -1.0 -1.0 56.0 -1.0 88.0 -1.0 -1.0 22.0 -1.0 38.0 39.0 -1.0 -1.0 
-1.0 -1.0 -1.0 -1.0 66.0 42.0 90.0 29.0 -1.0 -1.0 18.0 20.0 -1.0 -1.0 -1.0 
92.0 57.0 -1.0 56.0 23.0 21.0 -1.0 75.0 29.0 -1.0 -1.0 14.0 39.0 -1.0 68.0 
67.0 -1.0 -1.0 -1.0 -1.0 75.0 24.0 29.0 21.0 -1.0 27.0 88.0 -1.0 85.0 -1.0 
-1.0 25.0 -1.0 14.0 -1.0 -1.0 -1.0 17.0 62.0 -1.0 -1.0 34.0 -1.0 -1.0 88.0 
-1.0 -1.0 -1.0 45.0 -1.0 -1.0 43.0 -1.0 -1.0 81.0 49.0 84.0 -1.0 43.0 88.0 
-1.0 31.0 -1.0 -1.0 -1.0 -1.0 58.0 62.0 93.0 15.0 85.0 93.0 56.0 40.0 25.0 
-1.0 16.0 75.0 64.0 -1.0 54.0 45.0 88.0 -1.0 -1.0 37.0 77.0 41.0 -1.0 100.0 
-1.0 -1.0 -1.0 -1.0 95.0 25.0 15.0 -1.0 -1.0 79.0 -1.0 28.0 -1.0 18.0 -1.0 
-1.0 10.0 23.0 63.0 -1.0 -1.0 -1.0 -1.0 22.0 -1.0 -1.0 -1.0 78.0 69.0 -1.0 
-1.0 -1.0 55.0 -1.0 -1.0 99.0 94.0 46.0 89.0 -1.0 57.0 84.0 84.0 -1.0 -1.0 
31.0 61.0 -1.0 31.0 46.0 71.0 46.0 16.0 -1.0 -1.0 -1.0 99.0 61.0 -1.0 88.0 
-1.0 74.0 -1.0 27.0 -1.0 28.0 66.0 -1.0 -1.0 -1.0 -1.0 -1.0 -1.0 -1.0 39.0 
-1.0 -1.0 79.0 -1.0 -1.0 -1.0 11.0 56.0 -1.0 33.0 30.0 94.0 93.0 48.0 71.0 
-1.0 65.0 -1.0 -1.0 -1.0 26.0 68.0 -1.0 -1.0 -1.0 81.0 48.0 43.0 -1.0 -1.0 
26.0 28.0 -1.0 -1.0 38.0 36.0 -1.0 -1.0 81.0 -1.0 81.0 52.0 -1.0 75.0 81.0 
54.0 -1.0 50.0 -1.0 75.0 -1.0 -1.0 91.0 95.0 22.0 21.0 -1.0 78.0 65.0 -1.0 
-1.0 66.0 66.0 -1.0 -1.0 61.0 37.0 74.0 24.0 17.0 -1.0 -1.0 72.0 98.0 -1.0 
-1.0 73.0 14.0 -1.0 34.0 -1.0 -1.0 38.0 -1.0 64.0 -1.0 -1.0 47.0 30.0 -1.0 
-1.0 -1.0 -1.0 -1.0 -1.0 -1.0 -1.0 55.0 -1.0 46.0 96.0 -1.0 80.0 66.0 45.0 
-1.0 -1.0 79.0 86.0 -1.0 -1.0 -1.0 14.0 83.0 85.0 66.0 91.0 25.0 37.0 73.0 
88.0 -1.0 -1.0 -1.0 17.0 -1.0 10.0 -1.0 17.0 -1.0 82.0 -1.0 -1.0 -1.0 79.0 
-1.0 -1.0 94.0 -1.0 61.0 14.0 -1.0 -1.0 30.0 -1.0 -1.0 -1.0 13.0 -1.0 -1.0 
68.0 -1.0 -1.0 98.0 -1.0 -1.0 83.0 67.0 80.0 74.0 -1.0 71.0 26.0 35.0 -1.0 
42.0 69.0 -1.0 31.0 -1.0 17.0 38.0 38.0 94.0 53.0 -1.0 -1.0 60.0 -1.0 -1.0 
81.0 16.0 70.0 -1.0 71.0 -1.0 28.0 -1.0 59.0 -1.0 -1.0 99.0 -1.0 25.0 51.0 
-1.0 -1.0 -1.0 89.0 -1.0 -1.0 -1.0 -1.0 73.0 -1.0 -1.0 47.0 87.0 56.0 83.0 
-1.0 76.0 71.0 81.0 -1.0 -1.0 -1.0 -1.0 23.0 75.0 -1.0 -1.0 -1.0 42.0 22.0 
-1.0 -1.0 62.0 -1.0 59.0 -1.0 -1.0 -1.0 -1.0 -1.0 -1.0 21.0 51.0 46.0 74.0 
29.0 -1.0 -1.0 -1.0 -1.0 19.0 61.0 -1.0 48.0 47.0 -1.0 -1.0 22.0 -1.0 33.0 
77.0 19.0 39.0 22.0 -1.0 65.0 60.0 -1.0 -1.0 -1.0 -1.0 45.0 14.0 -1.0 -1.0 
87.0 97.0 90.0 48.0 -1.0 57.0 -1.0 87.0 -1.0 48.0 -1.0 -1.0 89.0 30.0 46.0 
-1.0 79.0 -1.0 -1.0 99.0 -1.0 28.0 65.0 40.0 13.0 84.0 68.0 -1.0 34.0 -1.0 
-1.0 64.0 -1.0 86.0 -1.0 55.0 -1.0 -1.0 -1.0 -1.0 -1.0 77.0 -1.0 81.0 -1.0 
-1.0 -1.0 92.0 -1.0 99.0 16.0 -1.0 79.0 -1.0 40.0 -1.0 -1.0 15.0 52.0 -1.0 
94.0 47.0 37.0 -1.0 68.0 56.0 84.0 -1.0 -1.0 58.0 -1.0 -1.0 46.0 -1.0 99.0 
86.0 20.0 48.0 92.0 84.0 -1.0 73.0 89.0 -1.0 53.0 -1.0 21.0 -1.0 79.0 -1.0 
100.0 22.0 86.0 10.0 -1.0 27.0 -1.0 -1.0 -1.0 47.0 34.0 26.0 -1.0 -1.0 23.0 
-1.0 49.0 54.0 -1.0 -1.0 28.0 52.0 -1.0 -1.0 98.0 95.0 -1.0 15.0 53.0 61.0 
-1.0 66.0 -1.0 -1.0 78.0 -1.0 -1.0 13.0 -1.0 -1.0 -1.0 -1.0 95.0 -1.0 65.0 
-1.0 -1.0 23.0 55.0 -1.0 71.0 -1.0 63.0 15.0 15.0 47.0 -1.0 -1.0 -1.0 81.0 
88.0 57.0 21.0 -1.0 -1.0 -1.0 61.0 39.0 -1.0 -1.0 77.0 -1.0 85.0 -1.0 -1.0 
50.0 -1.0 -1.0 56.0 77.0 43.0 35.0 91.0 33.0 -1.0 80.0 53.0 -1.0 97.0 -1.0 
-1.0 47.0 -1.0 -1.0 -1.0 97.0 63.0 -1.0 -1.0 52.0 -1.0 97.0 25.0 -1.0 -1.0 
-1.0 16.0 89.0 67.0 47.0 100.0 73.0 50.0 65.0 53.0 -1.0 -1.0 -1.0 16.0 -1.0 
-1.0 -1.0 -1.0 -1.0 68.0 -1.0 97.0 -1.0 41.0 -1.0 100.0 -1.0 -1.0 71.0 20.0 
-1.0 -1.0 -1.0 -1.0 -1.0 -1.0 13.0 65.0 -1.0 96.0 68.0 87.0 59.0 58.0 37.0 
-1.0 13.0 -1.0 -1.0 89.0 75.0 70.0 -1.0 79.0 -1.0 -1.0 -1.0 18.0 71.0 80.0 
-1.0 -1.0 -1.0 57.0 -1.0 -1.0 29.0 89.0 -1.0 69.0 84.0 -1.0 -1.0 16.0 -1.0 
-1.0 19.0 43.0 84.0 11.0 -1.0 23.0 -1.0 -1.0 86.0 57.0 -1.0 48.0 39.0 51.0 
99.0 14.0 -1.0 -1.0 93.0 -1.0 58.0 18.0 26.0 -1.0 -1.0 78.0 89.0 -1.0 35.0 
-1.0 -1.0 -1.0 -1.0 -1.0 77.0 -1.0 -1.0 -1.0 74.0 -1.0 20.0 79.0 -1.0 36.0 
-1.0 42.0 56.0 30.0 58.0 59.0 -1.0 -1.0 -1.0 -1.0 32.0 -1.0 62.0 49.0 -1.0 
-1.0 -1.0 -1.0 91.0 85.0 89.0 -1.0 36.0 36.0 -1.0 50.0 16.0 -1.0 -1.0 83.0 
-1.0 -1.0 30.0 -1.0 -1.0 36.0 -1.0 -1.0 49.0 92.0 -1.0 38.0 25.0 22.0 42.0 
45.0 -1.0 -1.0 -1.0 65.0 -1.0 83.0 38.0 -1.0 -1.0 82.0 75.0 -1.0 21.0 54.0 
-1.0 86.0 94.0 98.0 -1.0 65.0 -1.0 69.0 81.0 -1.0 -1.0 -1.0 -1.0 -1.0 93.0 
-1.0 -1.0 -1.0 45.0 29.0 -1.0 15.0 -1.0 69.0 53.0 79.0 59.0 38.0 56.0 76.0 
45.0 -1.0 71.0 68.0 -1.0 -1.0 80.0 -1.0 40.0 66.0 82.0 -1.0 -1.0 19.0 -1.0 
39.0 -1.0 -1.0 18.0 -1.0 81.0 -1.0 -1.0 -1.0 -1.0 -1.0 70.0 33.0 19.0 75.0 
29.0 -1.0 47.0 47.0 94.0 -1.0 -1.0 49.0 16.0 23.0 55.0 27.0 -1.0 -1.0 29.0 
47.0 16.0 100.0 -1.0 15.0 93.0 -1.0 -1.0 15.0 75.0 -1.0 100.0 -1.0 86.0 87.0 
-1.0 -1.0 100.0 -1.0 32.0 -1.0 53.0 97.0 -1.0 89.0 73.0 78.0 86.0 30.0 -1.0 
35.0 -1.0 50.0 28.0 -1.0 83.0 -1.0 -1.0 68.0 10.0 -1.0 95.0 10.0 -1.0 17.0 
73.0 37.0 77.0 -1.0 21.0 -1.0 44.0 -1.0 -1.0 33.0 44.0 -1.0 63.0 63.0 99.0 
-1.0 97.0 99.0 86.0 -1.0 54.0 75.0 10.0 43.0 40.0 -1.0 -1.0 -1.0 87.0 35.0 
95.0 -1.0 -1.0 -1.0 -1.0 -1.0 67.0 64.0 90.0 -1.0 67.0 -1.0 -1.0 77.0 55.0 
-1.0 -1.0 45.0 64.0 27.0 -1.0 100.0 -1.0 -1.0 45.0 -1.0 67.0 -1.0 -1.0 80.0 
68.0 10.0 -1.0 29.0 -1.0 81.0 94.0 24.0 -1.0 21.0 13.0 -1.0 -1.0 62.0 -1.0 
57.0 -1.0 12.0 28.0 -1.0 -1.0 -1.0 100.0 -1.0 -1.0 -1.0 89.0 -1.0 -1.0 44.0 
-1.0 35.0 83.0 -1.0 -1.0 -1.0 -1.0 50.0 -1.0 -1.0 59.0 83.0 55.0 -1.0 -1.0 
-1.0 15.0 93.0 36.0 -1.0 -1.0 -1.0 67.0 -1.0 -1.0 -1.0 -1.0 18.0 -1.0 -1.0 
49.0 11.0 53.0 -1.0 -1.0 -1.0 72.0 65.0 -1.0 -1.0 13.0 22.0 97.0 -1.0 62.0 
83.0 -1.0 -1.0 17.0 -1.0 28.0 -1.0 50.0 34.0 -1.0 11.0 -1.0 71.0 72.0 -1.0 
18.0 76.0 68.0 -1.0 32.0 -1.0 68.0 93.0 77.0 45.0 -1.0 -1.0 -1.0 -1.0 -1.0 
-1.0 21.0 -1.0 -1.0 -1.0 34.0 -1.0 -1.0 95.0 20.0 43.0 -1.0 -1.0 -1.0 -1.0 
62.0 -1.0 65.0 -1.0 -1.0 -1.0 -1.0 62.0 -1.0 -1.0 43.0 -1.0 -1.0 33.0 66.0 
-1.0 61.0 79.0 86.0 -1.0 -1.0 -1.0 -1.0 -1.0 18.0 67.0 -1.0 82.0 19.0 -1.0 
-1.0 53.0 -1.0 82.0 20.0 -1.0 94.0 46.0 -1.0 -1.0 29.0 53.0 -1.0 -1.0 -1.0 
53.0 18.0 50.0 -1.0 -1.0 53.0 56.0 -1.0 78.0 59.0 -1.0 21.0 22.0 81.0 -1.0 
-1.0 28.0 -1.0 -1.0 81.0 -1.0 42.0 68.0 49.0 -1.0 76.0 30.0 -1.0 -1.0 86.0 
-1.0 -1.0 23.0 -1.0 55.0 40.0 -1.0 -1.0 82.0 -1.0 54.0 -1.0 -1.0 88.0 -1.0 
71.0 -1.0 -1.0 85.0 33.0 74.0 -1.0 93.0 83.0 -1.0 -1.0 -1.0 -1.0 29.0 -1.0 
55.0 -1.0 -1.0 -1.0 37.0 30.0 -1.0 -1.0 -1.0 -1.0 -1.0 67.0 -1.0 -1.0 33.0 
-1.0 47.0 64.0 50.0 -1.0 -1.0 59.0 86.0 -1.0 -1.0 73.0 39.0 -1.0 -1.0 -1.0 
27.0 73.0 -1.0 63.0 -1.0 -1.0 18.0 -1.0 -1.0 92.0 19.0 -1.0 -1.0 -1.0 -1.0 
-1.0 26.0 53.0 -1.0 27.0 -1.0 32.0 68.0 -1.0 67.0 44.0 39.0 -1.0 62.0 79.0 
53.0 -1.0 -1.0 73.0 -1.0 -1.0 -1.0 -1.0 43.0 17.0 32.0 31.0 -1.0 -1.0 -1.0 
-1.0 45.0 23.0 -1.0 27.0 55.0 -1.0 -1.0 51.0 82.0 -1.0 -1.0 -1.0 -1.0 -1.0 
63.0 31.0 -1.0 95.0 -1.0 75.0 24.0 11.0 -1.0 -1.0 98.0 63.0 -1.0 -1.0 99.0 
83.0 46.0 -1.0 34.0 100.0 19.0 40.0 56.0 87.0 -1.0 -1.0 -1.0 81.0 -1.0 10.0 
96.0 -1.0 51.0 95.0 -1.0 64.0 47.0 100.0 11.0 -1.0 85.0 -1.0 -1.0 -1.0 76.0 
16.0 -1.0 16.0 -1.0 -1.0 -1.0 -1.0 97.0 86.0 98.0 -1.0 87.0 14.0 76.0 -1.0 
87.0 48.0 67.0 -1.0 -1.0 -1.0 37.0 64.0 -1.0 92.0 72.0 64.0 45.0 -1.0 -1.0 
73.0 -1.0 -1.0 86.0 -1.0 78.0 -1.0 10.0 88.0 79.0 55.0 -1.0 -1.0 43.0 -1.0 
-1.0 58.0 30.0 65.0 -1.0 58.0 32.0 16.0 -1.0 -1.0 -1.0 -1.0 -1.0 98.0 -1.0 
76.0 -1.0 26.0 -1.0 41.0 79.0 -1.0 24.0 83.0 -1.0 47.0 -1.0 19.0 -1.0 100.0 
-1.0 -1.0 -1.0 53.0 44.0 40.0 -1.0 19.0 -1.0 62.0 -1.0 51.0 10.0 93.0 -1.0 
40.0 22.0 33.0 -1.0 -1.0 -1.0 38.0 21.0 66.0 86.0 -1.0 -1.0 58.0 48.0 13.0 
-1.0 -1.0 -1.0 -1.0 -1.0 -1.0 -1.0 57.0 -1.0 43.0 -1.0 32.0 59.0 -1.0 45.0 
69.0 -1.0 37.0 95.0 28.0 54.0 -1.0 52.0 -1.0 14.0 -1.0 -1.0 44.0 -1.0 86.0 
96.0 95.0 -1.0 -1.0 -1.0 10.0 54.0 -1.0 42.0 65.0 -1.0 95.0 -1.0 38.0 -1.0 
-1.0 -1.0 -1.0 -1.0 86.0 -1.0 -1.0 20.0 77.0 98.0 -1.0 -1.0 -1.0 -1.0 28.0 
-1.0 -1.0 -1.0 76.0 69.0 -1.0 90.0 -1.0 20.0 -1.0 -1.0 -1.0 -1.0 63.0 78.0 
100.0 -1.0 -1.0 100.0 62.0 -1.0 -1.0 -1.0 31.0 -1.0 78.0 26.0 92.0 -1.0 -1.0 
-1.0 -1.0 98.0 -1.0 -1.0 33.0 -1.0 62.0 96.0 44.0 -1.0 96.0 -1.0 29.0 76.0 
20.0 -1.0 -1.0 -1.0 43.0 24.0 -1.0 -1.0 -1.0 -1.0 -1.0 -1.0 10.0 58.0 -1.0 
-1.0 38.0 87.0 -1.0 53.0 -1.0 -1.0 -1.0 53.0 76.0 -1.0 -1.0 -1.0 69.0 -1.0 
-1.0 -1.0 12.0 64.0 25.0 59.0 -1.0 41.0 17.0 -1.0 -1.0 44.0 29.0 -1.0 -1.0 
21.0 20.0 -1.0 52.0 100.0 24.0 -1.0 38.0 97.0 -1.0 -1.0 -1.0 95.0 77.0 66.0 
79.0 -1.0 -1.0 84.0 39.0 56.0 17.0 49.0 -1.0 -1.0 78.0 82.0 86.0 -1.0 -1.0 
38.0 -1.0 63.0 20.0 -1.0 22.0 58.0 81.0 -1.0 -1.0 23.0 83.0 90.0 -1.0 34.0 
60.0 -1.0 -1.0 24.0 49.0 -1.0 -1.0 83.0 84.0 -1.0 96.0 -1.0 77.0 -1.0 -1.0 
19.0 97.0 -1.0 -1.0 -1.0 -1.0 13.0 -1.0 84.0 -1.0 -1.0 32.0 -1.0 -1.0 -1.0 
97.0 62.0 -1.0 63.0 -1.0 90.0 -1.0 -1.0 46.0 -1.0 34.0 -1.0 41.0 59.0 -1.0 
34.0 -1.0 -1.0 73.0 -1.0 -1.0 -1.0 -1.0 39.0 15.0 39.0 66.0 -1.0 -1.0 -1.0 
-1.0 -1.0 25.0 -1.0 95.0 -1.0 60.0 -1.0 -1.0 45.0 -1.0 33.0 -1.0 74.0 84.0 
71.0 -1.0 66.0 58.0 -1.0 95.0 58.0 56.0 -1.0 -1.0 -1.0 32.0 78.0 52.0 81.0 
56.0 30.0 -1.0 -1.0 73.0 62.0 56.0 -1.0 -1.0 41.0 29.0 -1.0 92.0 -1.0 -1.0 
-1.0 37.0 -1.0 -1.0 -1.0 -1.0 27.0 18.0 -1.0 23.0 -1.0 35.0 -1.0 -1.0 79.0 
-1.0 23.0 19.0 -1.0 -1.0 -1.0 34.0 -1.0 73.0 99.0 -1.0 -1.0 -1.0 -1.0 -1.0 
-1.0 38.0 -1.0 -1.0 -1.0 31.0 63.0 52.0 28.0 -1.0 14.0 33.0 50.0 -1.0 90.0 
-1.0 23.0 49.0 -1.0 47.0 77.0 56.0 -1.0 -1.0 -1.0 91.0 86.0 50.0 -1.0 -1.0 
-1.0 -1.0 57.0 -1.0 -1.0 -1.0 -1.0 -1.0 -1.0 -1.0 18.0 85.0 19.0 -1.0 29.0 
71.0 -1.0 -1.0 69.0 -1.0 -1.0 60.0 -1.0 88.0 -1.0 100.0 -1.0 -1.0 -1.0 -1.0 
44.0 -1.0 28.0 13.0 -1.0 -1.0 -1.0 -1.0 -1.0 90.0 52.0 25.0 -1.0 -1.0 -1.0 
54.0 -1.0 -1.0 36.0 68.0 -1.0 42.0 49.0 35.0 82.0 34.0 -1.0 90.0 -1.0 -1.0 
-1.0 -1.0 -1.0 -1.0 90.0 -1.0 -1.0 -1.0 78.0 -1.0 -1.0 65.0 -1.0 17.0 68.0 
-1.0 71.0 97.0 -1.0 88.0 58.0 52.0 -1.0 -1.0 -1.0 78.0 38.0 89.0 -1.0 -1.0 
-1.0 -1.0 -1.0 31.0 44.0 65.0 -1.0 -1.0 -1.0 -1.0 -1.0 16.0 11.0 95.0 68.0 
39.0 73.0 -1.0 -1.0 -1.0 -1.0 -1.0 56.0 79.0 51.0 -1.0 56.0 23.0 21.0 86.0 
-1.0 25.0 -1.0 -1.0 -1.0 -1.0 38.0 -1.0 43.0 38.0 -1.0 21.0 42.0 36.0 -1.0 
54.0 -1.0 23.0 -1.0 -1.0 -1.0 97.0 -1.0 93.0 44.0 98.0 23.0 44.0 38.0 44.0 
19.0 -1.0 77.0 -1.0 72.0 70.0 15.0 47.0 40.0 26.0 -1.0 -1.0 -1.0 64.0 56.0 
11.0 55.0 -1.0 78.0 -1.0 -1.0 49.0 28.0 29.0 31.0 48.0 -1.0 15.0 54.0 -1.0 
11.0 -1.0 34.0 81.0 -1.0 -1.0 42.0 41.0 -1.0 31.0 48.0 98.0 -1.0 -1.0 -1.0 
49.0 69.0 -1.0 51.0 -1.0 -1.0 -1.0 19.0 42.0 39.0 24.0 -1.0 59.0 -1.0 -1.0 
-1.0 -1.0 62.0 33.0 88.0 -1.0 -1.0 -1.0 -1.0 53.0 -1.0 -1.0 -1.0 -1.0 18.0 
81.0 48.0 20.0 74.0 -1.0 -1.0 -1.0 -1.0 -1.0 20.0 -1.0 -1.0 -1.0 -1.0 -1.0 
-1.0 43.0 54.0 55.0 61.0 -1.0 39.0 -1.0 -1.0 -1.0 41.0 -1.0 -1.0 19.0 -1.0 
-1.0 -1.0 47.0 -1.0 20.0 69.0 58.0 86.0 14.0 -1.0 -1.0 -1.0 22.0 -1.0 16.0 
-1.0 83.0 -1.0 61.0 -1.0 -1.0 56.0 -1.0 49.0 47.0 15.0 -1.0 34.0 15.0 67.0 
-1.0 -1.0 -1.0 41.0 -1.0 -1.0 -1.0 -1.0 24.0 95.0 -1.0 -1.0 73.0 48.0 -1.0 
69.0 -1.0 -1.0 -1.0 -1.0 -1.0 -1.0 16.0 82.0 -1.0 12.0 -1.0 29.0 49.0 90.0 
-1.0 -1.0 89.0 -1.0 -1.0 61.0 69.0 57.0 -1.0 -1.0 -1.0 -1.0 44.0 41.0 -1.0 
99.0 -1.0 -1.0 25.0 14.0 87.0 72.0 37.0 -1.0 12.0 -1.0 56.0 99.0 -1.0 -1.0 
45.0 -1.0 88.0 -1.0 -1.0 -1.0 -1.0 -1.0 29.0 -1.0 -1.0 -1.0 57.0 41.0 81.0 
-1.0 -1.0 -1.0 20.0 -1.0 -1.0 58.0 58.0 -1.0 16.0 -1.0 -1.0 54.0 42.0 -1.0 
94.0 -1.0 95.0 71.0 -1.0 97.0 86.0 -1.0 68.0 -1.0 -1.0 18.0 -1.0 -1.0 59.0 
-1.0 -1.0 -1.0 39.0 -1.0 51.0 -1.0 81.0 17.0 -1.0 -1.0 -1.0 62.0 67.0 43.0 
90.0 49.0 -1.0 17.0 -1.0 -1.0 34.0 -1.0 -1.0 -1.0 -1.0 46.0 -1.0 99.0 -1.0 
-1.0 -1.0 51.0 84.0 81.0 47.0 -1.0 -1.0 -1.0 72.0 -1.0 -1.0 -1.0 -1.0 -1.0 
-1.0 40.0 -1.0 -1.0 50.0 56.0 -1.0 28.0 -1.0 -1.0 -1.0 88.0 -1.0 -1.0 -1.0 
-1.0 -1.0 -1.0 57.0 35.0 -1.0 -1.0 -1.0 62.0 70.0 -1.0 -1.0 -1.0 11.0 -1.0 
-1.0 52.0 56.0 -1.0 -1.0 88.0 45.0 83.0 -1.0 78.0 21.0 -1.0 60.0 91.0 62.0 
-1.0 36.0 -1.0 26.0 -1.0 61.0 -1.0 -1.0 -1.0 -1.0 89.0 83.0 18.0 88.0 73.0 
-1.0 48.0 -1.0 79.0 -1.0 -1.0 91.0 98.0 -1.0 -1.0 -1.0 -1.0 43.0 -1.0 -1.0 
97.0 70.0 93.0 -1.0 -1.0 70.0 -1.0 -1.0 -1.0 -1.0 51.0 -1.0 -1.0 -1.0 85.0 
28.0 -1.0 -1.0 22.0 -1.0 22.0 -1.0 -1.0 50.0 -1.0 79.0 70.0 -1.0 93.0 -1.0 
47.0 67.0 -1.0 33.0 41.0 -1.0 -1.0 -1.0 -1.0 -1.0 -1.0 86.0 71.0 -1.0 -1.0 
30.0 69.0 -1.0 -1.0 93.0 -1.0 22.0 -1.0 -1.0 -1.0 -1.0 -1.0 -1.0 93.0 -1.0 
-1.0 -1.0 28.0 -1.0 -1.0 -1.0 -1.0 -1.0 18.0 -1.0 29.0 27.0 12.0 83.0 79.0 
24.0 97.0 20.0 67.0 95.0 18.0 -1.0 -1.0 72.0 78.0 -1.0 32.0 -1.0 70.0 -1.0 
-1.0 -1.0 -1.0 -1.0 -1.0 40.0 21.0 69.0 33.0 12.0 -1.0 -1.0 93.0 -1.0 -1.0 
-1.0 100.0 16.0 23.0 32.0 -1.0 -1.0 59.0 18.0 -1.0 -1.0 -1.0 73.0 -1.0 39.0 
-1.0 90.0 97.0 -1.0 72.0 94.0 -1.0 -1.0 35.0 48.0 60.0 18.0 20.0 -1.0 40.0 
-1.0 86.0 78.0 64.0 90.0 -1.0 -1.0 18.0 18.0 55.0 -1.0 -1.0 99.0 75.0 -1.0 
-1.0 34.0 92.0 55.0 -1.0 95.0 66.0 43.0 95.0 46.0 71.0 -1.0 -1.0 -1.0 19.0 
-1.0 71.0 -1.0 71.0 -1.0 -1.0 -1.0 33.0 88.0 97.0 59.0 -1.0 -1.0 -1.0 -1.0 
38.0 50.0 -1.0 -1.0 14.0 100.0 -1.0 -1.0 -1.0 -1.0 -1.0 19.0 98.0 30.0 -1.0 
73.0 64.0 24.0 21.0 59.0 74.0 -1.0 -1.0 -1.0 30.0 -1.0 79.0 94.0 -1.0 21.0 
-1.0 11.0 -1.0 -1.0 -1.0 -1.0 -1.0 -1.0 -1.0 -1.0 -1.0 78.0 76.0 63.0 61.0 
16.0 -1.0 31.0 -1.0 -1.0 -1.0 59.0 -1.0 89.0 -1.0 13.0 -1.0 11.0 62.0 26.0 
-1.0 -1.0 74.0 29.0 91.0 42.0 -1.0 49.0 -1.0 -1.0 -1.0 68.0 -1.0 -1.0 27.0 
83.0 -1.0 95.0 15.0 -1.0 32.0 -1.0 39.0 -1.0 -1.0 -1.0 58.0 -1.0 -1.0 -1.0 
-1.0 -1.0 -1.0 32.0 -1.0 -1.0 75.0 -1.0 81.0 46.0 37.0 97.0 37.0 35.0 -1.0 
54.0 47.0 51.0 95.0 85.0 92.0 -1.0 60.0 -1.0 -1.0 -1.0 93.0 -1.0 -1.0 -1.0 
99.0 -1.0 -1.0 87.0 -1.0 -1.0 68.0 -1.0 -1.0 -1.0 47.0 -1.0 -1.0 15.0 -1.0 
-1.0 -1.0 -1.0 -1.0 87.0 -1.0 -1.0 19.0 -1.0 54.0 -1.0 57.0 30.0 -1.0 -1.0 
-1.0 -1.0 -1.0 -1.0 56.0 27.0 62.0 -1.0 34.0 -1.0 46.0 -1.0 89.0 -1.0 88.0 
-1.0 -1.0 -1.0 66.0 87.0 21.0 -1.0 -1.0 48.0 -1.0 -1.0 46.0 96.0 -1.0 -1.0 
72.0 39.0 67.0 -1.0 -1.0 24.0 -1.0 88.0 -1.0 -1.0 -1.0 18.0 32.0 -1.0 -1.0 
43.0 -1.0 -1.0 -1.0 -1.0 -1.0 -1.0 55.0 74.0 -1.0 14.0 -1.0 -1.0 92.0 50.0 
76.0 -1.0 85.0 50.0 -1.0 47.0 -1.0 28.0 29.0 82.0 -1.0 -1.0 99.0 59.0 85.0 
96.0 27.0 49.0 -1.0 -1.0 30.0 50.0 54.0 -1.0 97.0 83.0 88.0 31.0 -1.0 -1.0 
-1.0 89.0 -1.0 -1.0 63.0 -1.0 65.0 20.0 79.0 67.0 86.0 34.0 -1.0 -1.0 53.0 
-1.0 23.0 52.0 35.0 31.0 -1.0 92.0 -1.0 31.0 -1.0 -1.0 -1.0 -1.0 91.0 -1.0 
61.0 57.0 -1.0 -1.0 -1.0 -1.0 -1.0 55.0 -1.0 -1.0 -1.0 -1.0 -1.0 85.0 80.0 
85.0 45.0 -1.0 -1.0 -1.0 -1.0 -1.0 30.0 -1.0 -1.0 -1.0 -1.0 90.0 -1.0 27.0 
10.0 -1.0 96.0 -1.0 85.0 30.0 -1.0 22.0 35.0 30.0 27.0 -1.0 -1.0 -1.0 -1.0 
-1.0 -1.0 -1.0 70.0 -1.0 85.0 -1.0 69.0 97.0 -1.0 -1.0 -1.0 85.0 -1.0 -1.0 
32.0 -1.0 -1.0 -1.0 -1.0 -1.0 25.0 -1.0 53.0 42.0 -1.0 44.0 65.0 16.0 -1.0 
56.0 -1.0 -1.0 -1.0 65.0 -1.0 14.0 -1.0 27.0 -1.0 -1.0 69.0 -1.0 41.0 -1.0 
-1.0 42.0 -1.0 47.0 -1.0 -1.0 -1.0 -1.0 -1.0 95.0 -1.0 -1.0 93.0 -1.0 58.0 
-1.0 -1.0 43.0 -1.0 -1.0 -1.0 78.0 98.0 96.0 -1.0 64.0 89.0 -1.0 88.0 60.0 
-1.0 -1.0 29.0 -1.0 92.0 97.0 -1.0 -1.0 87.0 86.0 19.0 -1.0 14.0 75.0 -1.0 
97.0 -1.0 -1.0 -1.0 -1.0 80.0 -1.0 -1.0 68.0 33.0 54.0 -1.0 37.0 -1.0 74.0 
-1.0 -1.0 85.0 68.0 -1.0 -1.0 -1.0 38.0 -1.0 92.0 82.0 42.0 -1.0 -1.0 -1.0 
60.0 22.0 -1.0 -1.0 -1.0 84.0 94.0 -1.0 68.0 -1.0 36.0 38.0 52.0 -1.0 -1.0 
-1.0 46.0 -1.0 35.0 46.0 80.0 75.0 96.0 50.0 -1.0 -1.0 97.0 -1.0 33.0 51.0 
33.0 -1.0 -1.0 90.0 -1.0 33.0 79.0 30.0 -1.0 -1.0 -1.0 14.0 99.0 100.0 10.0 
-1.0 50.0 -1.0 -1.0 59.0 65.0 -1.0 -1.0 41.0 -1.0 54.0 -1.0 53.0 92.0 97.0 
10.0 64.0 61.0 59.0 81.0 52.0 -1.0 -1.0 22.0 -1.0 38.0 -1.0 88.0 -1.0 50.0 
27.0 -1.0 58.0 -1.0 18.0 15.0 -1.0 72.0 -1.0 50.0 82.0 27.0 -1.0 -1.0 35.0 
-1.0 -1.0 -1.0 59.0 14.0 -1.0 -1.0 52.0 -1.0 53.0 -1.0 -1.0 99.0 96.0 -1.0 
-1.0 -1.0 -1.0 83.0 -1.0 -1.0 -1.0 29.0 83.0 -1.0 22.0 76.0 -1.0 -1.0 -1.0 
89.0 -1.0 48.0 80.0 66.0 97.0 -1.0 -1.0 84.0 40.0 -1.0 -1.0 84.0 -1.0 -1.0 
39.0 19.0 -1.0 61.0 90.0 45.0 -1.0 54.0 -1.0 74.0 -1.0 -1.0 24.0 95.0 80.0 
85.0 50.0 83.0 -1.0 -1.0 -1.0 -1.0 75.0 -1.0 12.0 75.0 46.0 -1.0 18.0 -1.0 
-1.0 -1.0 66.0 -1.0 85.0 26.0 -1.0 76.0 -1.0 75.0 -1.0 71.0 34.0 64.0 -1.0 
-1.0 87.0 69.0 -1.0 19.0 -1.0 40.0 47.0 -1.0 23.0 92.0 -1.0 49.0 32.0 30.0 
-1.0 -1.0 32.0 -1.0 -1.0 86.0 66.0 68.0 -1.0 92.0 14.0 -1.0 32.0 84.0 -1.0 
-1.0 36.0 -1.0 -1.0 93.0 100.0 -1.0 24.0 47.0 -1.0 48.0 81.0 29.0 41.0 91.0 
29.0 -1.0 98.0 -1.0 71.0 93.0 -1.0 -1.0 89.0 61.0 45.0 95.0 -1.0 72.0 18.0 
-1.0 -1.0 24.0 -1.0 -1.0 -1.0 58.0 -1.0 -1.0 40.0 70.0 -1.0 23.0 13.0 20.0 
-1.0 -1.0 19.0 -1.0 51.0 -1.0 -1.0 17.0 -1.0 44.0 48.0 -1.0 27.0 -1.0 -1.0 
-1.0 -1.0 -1.0 27.0 11.0 -1.0 74.0 -1.0 -1.0 57.0 -1.0 69.0 27.0 -1.0 -1.0 
-1.0 -1.0 67.0 -1.0 85.0 -1.0 42.0 15.0 42.0 -1.0 -1.0 -1.0 -1.0 -1.0 -1.0 
-1.0 92.0 34.0 65.0 96.0 -1.0 -1.0 39.0 -1.0 -1.0 -1.0 -1.0 59.0 -1.0 -1.0 
70.0 -1.0 89.0 98.0 70.0 53.0 -1.0 13.0 41.0 32.0 -1.0 99.0 70.0 -1.0 -1.0 
-1.0 30.0 83.0 11.0 -1.0 -1.0 -1.0 -1.0 91.0 55.0 96.0 55.0 97.0 40.0 75.0 
34.0 -1.0 -1.0 14.0 69.0 81.0 -1.0 -1.0 62.0 55.0 49.0 -1.0 78.0 78.0 23.0 
-1.0 67.0 86.0 -1.0 -1.0 -1.0 -1.0 -1.0 -1.0 44.0 81.0 75.0 -1.0 84.0 85.0 
36.0 56.0 -1.0 -1.0 -1.0 -1.0 -1.0 96.0 22.0 49.0 -1.0 23.0 53.0 -1.0 -1.0 
-1.0 15.0 -1.0 26.0 71.0 25.0 -1.0 53.0 54.0 98.0 50.0 11.0 -1.0 95.0 -1.0 
38.0 -1.0 63.0 86.0 -1.0 -1.0 54.0 -1.0 -1.0 -1.0 67.0 63.0 -1.0 30.0 91.0 
88.0 49.0 -1.0 58.0 -1.0 17.0 -1.0 60.0 36.0 -1.0 -1.0 98.0 -1.0 -1.0 18.0 
-1.0 74.0 -1.0 65.0 -1.0 -1.0 -1.0 -1.0 65.0 37.0 -1.0 -1.0 77.0 39.0 -1.0 
78.0 -1.0 33.0 39.0 -1.0 -1.0 80.0 83.0 44.0 66.0 40.0 12.0 -1.0 26.0 -1.0 
-1.0 24.0 93.0 -1.0 42.0 88.0 -1.0 -1.0 -1.0 -1.0 69.0 -1.0 -1.0 -1.0 -1.0 
71.0 30.0 59.0 -1.0 -1.0 11.0 26.0 68.0 -1.0 96.0 26.0 -1.0 -1.0 36.0 -1.0 
91.0 -1.0 88.0 72.0 35.0 39.0 -1.0 -1.0 78.0 -1.0 -1.0 -1.0 -1.0 41.0 -1.0 
34.0 82.0 17.0 65.0 -1.0 51.0 86.0 -1.0 78.0 -1.0 -1.0 -1.0 58.0 48.0 70.0 
-1.0 -1.0 -1.0 -1.0 54.0 83.0 87.0 45.0 -1.0 31.0 91.0 95.0 -1.0 -1.0 -1.0 
29.0 40.0 57.0 -1.0 -1.0 -1.0 -1.0 -1.0 32.0 -1.0 -1.0 59.0 -1.0 76.0 -1.0 
55.0 41.0 17.0 -1.0 -1.0 -1.0 -1.0 -1.0 -1.0 50.0 -1.0 20.0 74.0 22.0 50.0 
-1.0 -1.0 -1.0 82.0 -1.0 37.0 80.0 70.0 76.0 69.0 56.0 -1.0 66.0 43.0 -1.0 
38.0 47.0 80.0 -1.0 -1.0 63.0 93.0 -1.0 -1.0 -1.0 -1.0 35.0 -1.0 -1.0 45.0 
-1.0 35.0 -1.0 -1.0 75.0 65.0 47.0 -1.0 52.0 30.0 -1.0 87.0 15.0 70.0 53.0 
-1.0 60.0 46.0 71.0 60.0 -1.0 75.0 -1.0 94.0 -1.0 -1.0 88.0 -1.0 31.0 -1.0 
-1.0 28.0 90.0 -1.0 35.0 88.0 -1.0 37.0 -1.0 11.0 19.0 44.0 -1.0 -1.0 -1.0 
17.0 23.0 -1.0 -1.0 76.0 -1.0 -1.0 -1.0 12.0 -1.0 -1.0 97.0 -1.0 -1.0 74.0 
16.0 26.0 54.0 33.0 -1.0 -1.0 88.0 16.0 -1.0 -1.0 -1.0 24.0 17.0 68.0 55.0 
-1.0 -1.0 70.0 -1.0 60.0 84.0 -1.0 -1.0 51.0 25.0 -1.0 -1.0 23.0 -1.0 -1.0 
-1.0 -1.0 61.0 -1.0 -1.0 29.0 -1.0 72.0 79.0 19.0 -1.0 -1.0 -1.0 -1.0 -1.0 
72.0 25.0 -1.0 -1.0 10.0 45.0 62.0 -1.0 -1.0 -1.0 55.0 12.0 -1.0 -1.0 -1.0 
-1.0 56.0 90.0 -1.0 -1.0 46.0 -1.0 -1.0 54.0 -1.0 -1.0 86.0 -1.0 30.0 42.0 
-1.0 -1.0 11.0 -1.0 -1.0 47.0 -1.0 -1.0 45.0 78.0 88.0 -1.0 -1.0 66.0 98.0 
50.0 31.0 -1.0 52.0 100.0 32.0 -1.0 -1.0 -1.0 -1.0 -1.0 19.0 -1.0 82.0 45.0 
37.0 11.0 90.0 -1.0 -1.0 100.0 -1.0 -1.0 66.0 89.0 -1.0 72.0 42.0 -1.0 68.0 
73.0 16.0 -1.0 16.0 61.0 -1.0 -1.0 -1.0 -1.0 -1.0 -1.0 54.0 23.0 -1.0 92.0 
-1.0 96.0 -1.0 -1.0 44.0 -1.0 -1.0 -1.0 69.0 -1.0 38.0 37.0 -1.0 -1.0 -1.0 
57.0 -1.0 -1.0 70.0 -1.0 -1.0 21.0 -1.0 -1.0 -1.0 -1.0 -1.0 43.0 29.0 39.0 
-1.0 -1.0 -1.0 -1.0 -1.0 49.0 17.0 -1.0 26.0 92.0 -1.0 33.0 -1.0 -1.0 50.0 
-1.0 67.0 -1.0 -1.0 69.0 -1.0 38.0 -1.0 100.0 22.0 -1.0 100.0 -1.0 -1.0 94.0 
-1.0 -1.0 -1.0 -1.0 -1.0 31.0 73.0 -1.0 75.0 -1.0 -1.0 56.0 51.0 -1.0 -1.0 
89.0 81.0 -1.0 47.0 29.0 -1.0 -1.0 -1.0 67.0 -1.0 51.0 -1.0 83.0 -1.0 -1.0 
59.0 -1.0 -1.0 -1.0 -1.0 87.0 10.0 -1.0 -1.0 -1.0 52.0 66.0 -1.0 -1.0 -1.0 
-1.0 -1.0 90.0 -1.0 93.0 80.0 32.0 96.0 -1.0 -1.0 -1.0 -1.0 95.0 10.0 26.0 
-1.0 37.0 -1.0 38.0 100.0 -1.0 -1.0 -1.0 -1.0 -1.0 78.0 20.0 -1.0 43.0 -1.0 
29.0 -1.0 -1.0 -1.0 95.0 -1.0 -1.0 38.0 -1.0 47.0 60.0 75.0 46.0 89.0 -1.0 
19.0 -1.0 -1.0 -1.0 55.0 -1.0 -1.0 74.0 -1.0 27.0 -1.0 -1.0 -1.0 25.0 -1.0 
53.0 54.0 -1.0 68.0 12.0 -1.0 97.0 -1.0 -1.0 -1.0 -1.0 -1.0 47.0 22.0 -1.0 
-1.0 -1.0 -1.0 15.0 -1.0 -1.0 -1.0 -1.0 71.0 72.0 83.0 -1.0 -1.0 -1.0 57.0 
-1.0 99.0 -1.0 84.0 -1.0 -1.0 -1.0 -1.0 37.0 33.0 -1.0 -1.0 -1.0 83.0 58.0 
94.0 -1.0 35.0 -1.0 -1.0 -1.0 42.0 -1.0 25.0 -1.0 22.0 50.0 85.0 42.0 10.0 
-1.0 89.0 -1.0 -1.0 51.0 -1.0 -1.0 65.0 98.0 -1.0 -1.0 -1.0 51.0 -1.0 10.0 
-1.0 82.0 48.0 37.0 -1.0 44.0 -1.0 -1.0 64.0 87.0 -1.0 -1.0 -1.0 -1.0 -1.0 
20.0 -1.0 -1.0 23.0 86.0 82.0 -1.0 19.0 -1.0 28.0 25.0 -1.0 81.0 11.0 -1.0 
60.0 23.0 95.0 -1.0 85.0 94.0 82.0 -1.0 39.0 -1.0 -1.0 13.0 -1.0 52.0 -1.0 
48.0 87.0 -1.0 69.0 85.0 -1.0 -1.0 -1.0 -1.0 78.0 -1.0 -1.0 68.0 -1.0 56.0 
-1.0 47.0 19.0 23.0 -1.0 -1.0 87.0 -1.0 -1.0 -1.0 50.0 79.0 61.0 92.0 64.0 
-1.0 98.0 -1.0 30.0 -1.0 94.0 86.0 58.0 -1.0 -1.0 94.0 61.0 47.0 52.0 -1.0 
-1.0 79.0 28.0 12.0 100.0 -1.0 71.0 76.0 34.0 28.0 -1.0 -1.0 -1.0 -1.0 43.0 
23.0 98.0 -1.0 -1.0 -1.0 -1.0 19.0 -1.0 -1.0 -1.0 -1.0 89.0 -1.0 31.0 -1.0 
-1.0 -1.0 -1.0 65.0 14.0 -1.0 56.0 32.0 68.0 92.0 -1.0 -1.0 44.0 25.0 54.0 
59.0 66.0 -1.0 -1.0 11.0 76.0 -1.0 -1.0 14.0 -1.0 -1.0 52.0 78.0 -1.0 44.0 
