***n m*** 
15 15 
***h*** 
10 12 14 15 12 5 8 9 7 11 11 6 8 10 11 
***d*** 
1333.49 905.7 1063.62 156.82 144.28 1131.84 958.48 855.46 1237.63 872.77 1338.79 931.08 858.25 582.74 578.56 
***M*** 
1 15 8 11 2 3 14 
6 15 4 1 8 9 10 3 
3 5 4 14 2 12 8 15 
12 10 6 15 4 7 2 
9 1 13 2 5 7 8 10 
1 8 7 4 6 11 14 2 12 15 
10 14 4 9 13 5 7 2 
3 11 4 14 1 12 2 
15 11 12 4 13 9 7 10 14 6 
8 5 9 11 3 12 15 13 
7 1 14 3 2 11 
5 2 13 3 11 7 
13 7 11 15 6 9 
11 4 12 6 9 8 2 5 15 13 
1 15 2 11 8 3 10 
3 9 1 5 4 12 8 10 15 
15 5 13 10 14 6 7 11 
10 13 14 12 4 1 8 9 15 
7 10 12 5 2 14 1 9 15 3 
9 4 13 8 6 12 
6 5 15 1 2 
14 6 4 10 2 15 12 1 11 9 
2 13 6 4 12 
3 8 12 5 9 2 10 4 
2 10 14 8 6 13 4 11 
4 3 10 12 2 15 5 1 
7 6 12 14 4 5 9 8 13 
4 3 15 14 12 8 7 
10 14 12 3 11 2 9 6 13 4 
15 6 3 11 8 7 1 2 
6 9 14 3 4 11 1 5 
9 5 4 11 8 10 1 2 13 
12 2 4 14 13 3 
10 7 3 6 11 2 15 13 12 4 
6 9 13 4 7 3 8 11 10 
15 4 13 11 10 3 
10 8 5 1 4 7 2 
1 14 9 3 7 5 15 11 
14 7 10 6 4 1 2 
2 6 11 7 4 3 9 15 5 12 
8 11 12 10 3 15 
7 13 6 5 12 14 8 11 15 4 
11 7 10 3 15 12 9 2 13 1 
1 3 14 12 10 9 4 
5 12 4 7 10 8 
6 12 10 14 4 5 2 13 1 
14 12 11 3 4 10 2 
2 11 4 3 12 10 6 
7 13 15 8 11 
8 3 11 5 14 
7 15 10 4 13 6 14 2 3 12 
11 4 1 10 3 
9 12 6 13 11 14 1 4 2 
11 15 12 10 1 9 14 3 
10 6 1 8 12 
8 1 5 6 2 14 7 4 13 
3 5 7 6 13 10 1 9 
4 14 1 12 2 
10 12 6 7 5 13 8 
13 7 6 10 11 15 8 9 3 4 
15 13 1 10 14 
7 12 3 2 14 
3 5 9 8 15 
14 9 2 1 15 4 3 8 
2 15 4 5 14 8 9 11 7 
8 7 3 1 4 10 12 
4 2 3 7 15 1 12 10 13 
2 12 7 1 13 11 9 8 6 
6 13 2 14 8 3 
7 3 14 12 15 10 
3 6 5 13 11 10 
7 3 1 4 15 12 5 6 
11 6 5 13 9 8 12 15 4 3 
10 9 14 15 4 11 2 
6 4 11 7 13 5 1 2 14 
1 6 9 8 7 
6 4 5 10 13 2 7 15 9 3 
15 8 14 5 6 4 7 1 11 3 
2 5 9 10 6 1 13 
3 4 9 10 15 
1 3 7 15 10 13 5 6 12 
12 13 4 7 10 5 
5 6 9 14 7 8 12 2 11 13 
4 12 9 7 1 5 10 8 
7 14 10 8 12 9 6 
11 4 15 7 2 
1 4 7 14 11 10 15 9 3 5 
8 5 15 10 7 
3 4 10 11 13 
14 11 9 4 8 2 3 1 7 6 
10 1 4 15 3 7 11 
5 4 14 6 10 
3 14 15 4 2 
15 13 10 11 1 12 
6 2 4 10 7 
4 6 8 14 5 
14 2 7 9 10 8 15 12 4 3 
14 8 6 1 4 3 
10 4 1 9 11 5 
13 7 2 15 1 
12 7 4 2 1 8 11 14 5 
5 9 2 4 6 
3 5 7 10 11 6 14 
5 8 9 3 12 13 7 6 1 14 
2 4 1 8 10 15 6 5 7 13 
9 8 15 3 7 11 10 5 
9 7 3 2 12 8 11 15 
2 8 7 9 15 5 13 1 4 6 
15 7 3 4 9 10 
2 7 4 13 1 
5 2 15 7 8 3 1 9 12 
8 13 4 1 14 12 
9 13 7 5 14 
11 5 6 12 13 10 1 9 
1 14 5 6 13 12 8 
8 6 4 9 15 1 13 12 
13 5 2 1 8 14 6 12 10 11 
2 1 8 3 12 9 10 11 6 7 
6 7 4 9 8 1 5 14 
1 10 7 15 11 4 9 5 8 
12 4 1 8 2 3 15 11 14 
13 15 10 7 3 
8 7 4 1 11 10 13 14 2 3 
5 13 4 6 8 10 
15 10 9 13 4 11 2 5 6 8 
1 7 11 5 2 8 3 14 12 
4 3 2 15 14 5 8 7 1 
7 3 4 12 11 
8 14 6 7 9 15 10 
9 15 10 7 6 12 
13 12 15 9 10 1 3 4 8 2 
3 4 6 8 15 2 13 1 
8 2 1 4 15 3 14 9 7 
9 1 5 11 4 10 15 6 3 
13 5 2 1 3 11 4 6 7 15 
6 2 10 4 3 
1 12 13 6 7 14 11 10 4 9 
4 14 13 9 10 8 
15 13 14 1 7 11 4 
7 12 9 4 11 2 15 1 
7 12 9 5 11 15 8 4 
7 15 9 12 10 
3 6 4 10 5 1 15 11 14 2 
11 6 12 2 4 9 10 8 5 14 
7 9 6 11 2 1 14 8 
1 6 13 5 12 4 
2 5 11 4 12 15 13 6 8 9 
4 11 6 12 2 13 1 14 7 5 
5 2 7 6 1 8 11 
***P*** 
10.0 91.0 23.0 -1.0 -1.0 -1.0 -1.0 82.0 -1.0 -1.0 35.0 -1.0 -1.0 86.0 27.0 
32.0 -1.0 96.0 25.0 -1.0 66.0 -1.0 66.0 14.0 97.0 -1.0 -1.0 -1.0 -1.0 62.0 
-1.0 40.0 28.0 10.0 11.0 -1.0 -1.0 81.0 -1.0 -1.0 -1.0 22.0 -1.0 90.0 23.0 
-1.0 29.0 -1.0 50.0 -1.0 74.0 28.0 -1.0 -1.0 98.0 -1.0 70.0 -1.0 -1.0 39.0 
19.0 86.0 -1.0 -1.0 85.0 -1.0 33.0 29.0 52.0 59.0 -1.0 -1.0 90.0 -1.0 -1.0 
12.0 58.0 -1.0 57.0 -1.0 32.0 90.0 12.0 -1.0 -1.0 20.0 44.0 -1.0 45.0 22.0 
-1.0 93.0 -1.0 55.0 86.0 -1.0 38.0 -1.0 98.0 54.0 -1.0 -1.0 79.0 62.0 -1.0 
35.0 89.0 43.0 10.0 -1.0 -1.0 -1.0 -1.0 -1.0 -1.0 85.0 27.0 -1.0 18.0 -1.0 
-1.0 -1.0 -1.0 72.0 -1.0 71.0 42.0 -1.0 64.0 70.0 96.0 83.0 73.0 48.0 36.0 
-1.0 -1.0 65.0 -1.0 16.0 -1.0 -1.0 85.0 12.0 -1.0 33.0 70.0 12.0 -1.0 66.0 
67.0 60.0 94.0 -1.0 -1.0 -1.0 60.0 -1.0 -1.0 -1.0 84.0 -1.0 -1.0 53.0 -1.0 
-1.0 96.0 75.0 -1.0 73.0 -1.0 37.0 -1.0 -1.0 -1.0 95.0 -1.0 38.0 -1.0 -1.0 
-1.0 -1.0 -1.0 -1.0 -1.0 17.0 41.0 -1.0 41.0 -1.0 48.0 -1.0 14.0 -1.0 36.0 
-1.0 50.0 -1.0 29.0 75.0 63.0 -1.0 76.0 85.0 -1.0 31.0 20.0 18.0 -1.0 24.0 
92.0 13.0 34.0 -1.0 -1.0 -1.0 -1.0 82.0 -1.0 79.0 87.0 -1.0 -1.0 -1.0 33.0 
17.0 -1.0 80.0 29.0 89.0 -1.0 -1.0 30.0 92.0 27.0 -1.0 23.0 -1.0 -1.0 72.0 
-1.0 -1.0 -1.0 -1.0 77.0 52.0 70.0 -1.0 -1.0 25.0 70.0 -1.0 88.0 61.0 50.0 
71.0 -1.0 -1.0 70.0 -1.0 -1.0 -1.0 24.0 43.0 30.0 -1.0 16.0 88.0 78.0 72.0 
97.0 88.0 70.0 -1.0 65.0 -1.0 81.0 -1.0 33.0 62.0 -1.0 79.0 -1.0 75.0 74.0 
-1.0 -1.0 -1.0 94.0 -1.0 24.0 -1.0 25.0 65.0 -1.0 -1.0 90.0 68.0 -1.0 -1.0 
40.0 45.0 -1.0 -1.0 85.0 14.0 -1.0 -1.0 -1.0 -1.0 -1.0 -1.0 -1.0 -1.0 20.0 
45.0 57.0 -1.0 100.0 -1.0 18.0 -1.0 -1.0 64.0 36.0 52.0 99.0 -1.0 98.0 100.0 
-1.0 37.0 -1.0 66.0 -1.0 46.0 -1.0 -1.0 -1.0 -1.0 -1.0 69.0 44.0 -1.0 -1.0 
-1.0 82.0 69.0 13.0 24.0 -1.0 -1.0 100.0 84.0 36.0 -1.0 31.0 -1.0 -1.0 -1.0 
-1.0 67.0 -1.0 43.0 -1.0 54.0 -1.0 77.0 -1.0 79.0 11.0 -1.0 81.0 37.0 -1.0 
62.0 21.0 98.0 52.0 30.0 -1.0 -1.0 -1.0 -1.0 49.0 -1.0 30.0 -1.0 -1.0 30.0 
-1.0 -1.0 -1.0 98.0 67.0 69.0 87.0 50.0 69.0 -1.0 -1.0 71.0 63.0 30.0 -1.0 
-1.0 -1.0 50.0 48.0 -1.0 -1.0 39.0 85.0 -1.0 -1.0 -1.0 93.0 -1.0 68.0 42.0 
-1.0 25.0 33.0 68.0 -1.0 30.0 -1.0 -1.0 65.0 32.0 37.0 56.0 50.0 89.0 -1.0 
78.0 43.0 26.0 -1.0 -1.0 35.0 16.0 98.0 -1.0 -1.0 73.0 -1.0 -1.0 -1.0 99.0 
47.0 -1.0 26.0 61.0 98.0 88.0 -1.0 -1.0 97.0 -1.0 60.0 -1.0 -1.0 88.0 -1.0 
16.0 56.0 -1.0 48.0 75.0 -1.0 -1.0 53.0 48.0 74.0 55.0 -1.0 17.0 -1.0 -1.0 
-1.0 90.0 24.0 89.0 -1.0 -1.0 -1.0 -1.0 -1.0 -1.0 -1.0 26.0 53.0 72.0 -1.0 
-1.0 25.0 29.0 85.0 -1.0 51.0 53.0 -1.0 -1.0 53.0 56.0 29.0 70.0 -1.0 17.0 
-1.0 -1.0 94.0 76.0 -1.0 79.0 83.0 49.0 62.0 41.0 37.0 -1.0 91.0 -1.0 -1.0 
-1.0 -1.0 12.0 15.0 -1.0 -1.0 -1.0 -1.0 -1.0 29.0 59.0 -1.0 59.0 -1.0 86.0 
64.0 57.0 -1.0 55.0 58.0 -1.0 21.0 29.0 -1.0 20.0 -1.0 -1.0 -1.0 -1.0 -1.0 
91.0 -1.0 39.0 -1.0 69.0 -1.0 25.0 -1.0 74.0 -1.0 97.0 -1.0 -1.0 41.0 49.0 
13.0 43.0 -1.0 25.0 -1.0 99.0 61.0 -1.0 -1.0 87.0 -1.0 -1.0 -1.0 18.0 -1.0 
-1.0 18.0 30.0 13.0 88.0 48.0 36.0 -1.0 25.0 -1.0 48.0 30.0 -1.0 -1.0 11.0 
-1.0 -1.0 63.0 -1.0 -1.0 -1.0 -1.0 38.0 -1.0 66.0 81.0 53.0 -1.0 -1.0 99.0 
-1.0 -1.0 -1.0 71.0 22.0 34.0 61.0 81.0 -1.0 -1.0 99.0 84.0 56.0 24.0 77.0 
100.0 26.0 27.0 -1.0 -1.0 -1.0 80.0 -1.0 58.0 48.0 56.0 43.0 37.0 -1.0 43.0 
84.0 -1.0 60.0 78.0 -1.0 -1.0 -1.0 -1.0 73.0 93.0 -1.0 98.0 -1.0 51.0 -1.0 
-1.0 -1.0 -1.0 92.0 72.0 -1.0 99.0 33.0 -1.0 92.0 -1.0 78.0 -1.0 -1.0 -1.0 
51.0 92.0 -1.0 16.0 34.0 30.0 -1.0 -1.0 -1.0 83.0 -1.0 69.0 96.0 66.0 -1.0 
-1.0 88.0 33.0 72.0 -1.0 -1.0 -1.0 -1.0 -1.0 13.0 30.0 31.0 -1.0 72.0 -1.0 
-1.0 51.0 79.0 74.0 -1.0 43.0 -1.0 -1.0 -1.0 86.0 43.0 26.0 -1.0 -1.0 -1.0 
-1.0 -1.0 -1.0 -1.0 -1.0 -1.0 61.0 29.0 -1.0 -1.0 28.0 -1.0 11.0 -1.0 36.0 
-1.0 -1.0 62.0 -1.0 91.0 -1.0 -1.0 54.0 -1.0 -1.0 25.0 -1.0 -1.0 29.0 -1.0 
-1.0 38.0 30.0 46.0 -1.0 81.0 79.0 -1.0 -1.0 70.0 -1.0 26.0 22.0 79.0 34.0 
72.0 -1.0 12.0 86.0 -1.0 -1.0 -1.0 -1.0 -1.0 59.0 29.0 -1.0 -1.0 -1.0 -1.0 
40.0 64.0 -1.0 60.0 -1.0 71.0 -1.0 -1.0 40.0 -1.0 48.0 32.0 51.0 52.0 -1.0 
43.0 -1.0 45.0 -1.0 -1.0 -1.0 -1.0 -1.0 81.0 28.0 51.0 22.0 -1.0 61.0 98.0 
14.0 -1.0 -1.0 -1.0 -1.0 71.0 -1.0 17.0 -1.0 42.0 -1.0 18.0 -1.0 -1.0 -1.0 
51.0 72.0 -1.0 14.0 79.0 31.0 72.0 28.0 -1.0 -1.0 -1.0 -1.0 79.0 92.0 -1.0 
14.0 -1.0 53.0 -1.0 68.0 97.0 58.0 -1.0 88.0 37.0 -1.0 -1.0 36.0 -1.0 -1.0 
53.0 69.0 -1.0 13.0 -1.0 -1.0 -1.0 -1.0 -1.0 -1.0 -1.0 94.0 -1.0 64.0 -1.0 
-1.0 -1.0 -1.0 -1.0 22.0 63.0 70.0 17.0 -1.0 89.0 -1.0 78.0 19.0 -1.0 -1.0 
-1.0 -1.0 38.0 51.0 -1.0 19.0 100.0 66.0 17.0 80.0 17.0 -1.0 56.0 -1.0 36.0 
40.0 -1.0 -1.0 -1.0 -1.0 -1.0 -1.0 -1.0 -1.0 29.0 -1.0 -1.0 37.0 11.0 33.0 
-1.0 15.0 100.0 -1.0 -1.0 -1.0 34.0 -1.0 -1.0 -1.0 -1.0 28.0 -1.0 89.0 -1.0 
-1.0 -1.0 31.0 -1.0 36.0 -1.0 -1.0 37.0 34.0 -1.0 -1.0 -1.0 -1.0 -1.0 39.0 
35.0 63.0 60.0 32.0 -1.0 -1.0 -1.0 18.0 40.0 -1.0 -1.0 -1.0 -1.0 44.0 71.0 
-1.0 75.0 -1.0 84.0 32.0 -1.0 60.0 34.0 13.0 -1.0 43.0 -1.0 -1.0 12.0 37.0 
43.0 -1.0 75.0 81.0 -1.0 -1.0 90.0 35.0 -1.0 62.0 -1.0 60.0 -1.0 -1.0 -1.0 
19.0 33.0 51.0 84.0 -1.0 -1.0 14.0 -1.0 -1.0 79.0 -1.0 56.0 64.0 -1.0 97.0 
35.0 56.0 -1.0 -1.0 -1.0 49.0 26.0 38.0 89.0 -1.0 18.0 30.0 100.0 -1.0 -1.0 
-1.0 26.0 81.0 -1.0 -1.0 45.0 -1.0 77.0 -1.0 -1.0 -1.0 -1.0 68.0 93.0 -1.0 
-1.0 -1.0 31.0 -1.0 -1.0 -1.0 43.0 -1.0 -1.0 19.0 -1.0 67.0 -1.0 33.0 92.0 
-1.0 -1.0 79.0 -1.0 32.0 76.0 -1.0 -1.0 -1.0 39.0 54.0 -1.0 76.0 -1.0 -1.0 
85.0 -1.0 69.0 49.0 58.0 25.0 14.0 -1.0 -1.0 -1.0 -1.0 21.0 -1.0 -1.0 93.0 
-1.0 -1.0 76.0 54.0 39.0 73.0 -1.0 32.0 54.0 -1.0 73.0 34.0 44.0 -1.0 47.0 
-1.0 50.0 -1.0 43.0 -1.0 -1.0 -1.0 -1.0 15.0 42.0 29.0 -1.0 -1.0 91.0 50.0 
70.0 30.0 -1.0 75.0 54.0 74.0 39.0 -1.0 -1.0 -1.0 14.0 -1.0 55.0 25.0 -1.0 
15.0 -1.0 -1.0 -1.0 -1.0 61.0 63.0 67.0 22.0 -1.0 -1.0 -1.0 -1.0 -1.0 -1.0 
-1.0 77.0 85.0 90.0 57.0 90.0 80.0 -1.0 40.0 57.0 -1.0 -1.0 60.0 -1.0 10.0 
55.0 -1.0 62.0 23.0 59.0 77.0 49.0 20.0 -1.0 -1.0 88.0 -1.0 -1.0 86.0 27.0 
32.0 65.0 -1.0 -1.0 86.0 35.0 -1.0 -1.0 54.0 16.0 -1.0 -1.0 64.0 -1.0 -1.0 
-1.0 -1.0 28.0 54.0 -1.0 -1.0 -1.0 -1.0 11.0 93.0 -1.0 -1.0 -1.0 -1.0 94.0 
80.0 -1.0 81.0 -1.0 10.0 98.0 92.0 -1.0 -1.0 82.0 -1.0 54.0 82.0 -1.0 16.0 
-1.0 -1.0 -1.0 74.0 95.0 -1.0 52.0 -1.0 -1.0 43.0 -1.0 86.0 33.0 -1.0 -1.0 
-1.0 45.0 -1.0 -1.0 88.0 99.0 70.0 71.0 17.0 -1.0 30.0 43.0 19.0 52.0 -1.0 
58.0 -1.0 -1.0 97.0 30.0 -1.0 32.0 34.0 94.0 40.0 -1.0 12.0 -1.0 -1.0 -1.0 
-1.0 -1.0 -1.0 -1.0 -1.0 58.0 72.0 66.0 100.0 29.0 -1.0 67.0 -1.0 11.0 -1.0 
-1.0 45.0 -1.0 21.0 -1.0 -1.0 62.0 -1.0 -1.0 -1.0 72.0 -1.0 -1.0 -1.0 15.0 
29.0 -1.0 21.0 35.0 60.0 -1.0 45.0 -1.0 53.0 95.0 11.0 -1.0 -1.0 54.0 41.0 
-1.0 -1.0 -1.0 -1.0 15.0 -1.0 74.0 66.0 -1.0 19.0 -1.0 -1.0 -1.0 -1.0 60.0 
-1.0 -1.0 77.0 59.0 -1.0 -1.0 -1.0 -1.0 -1.0 93.0 35.0 -1.0 49.0 -1.0 -1.0 
44.0 50.0 23.0 87.0 -1.0 75.0 29.0 72.0 15.0 -1.0 87.0 -1.0 -1.0 31.0 -1.0 
87.0 -1.0 46.0 11.0 -1.0 -1.0 84.0 -1.0 -1.0 65.0 98.0 -1.0 -1.0 -1.0 75.0 
-1.0 -1.0 -1.0 91.0 89.0 12.0 -1.0 -1.0 -1.0 38.0 -1.0 -1.0 -1.0 40.0 -1.0 
-1.0 78.0 90.0 18.0 -1.0 -1.0 -1.0 -1.0 -1.0 -1.0 -1.0 -1.0 -1.0 75.0 21.0 
97.0 -1.0 -1.0 -1.0 -1.0 -1.0 -1.0 -1.0 -1.0 29.0 51.0 59.0 75.0 -1.0 90.0 
-1.0 83.0 -1.0 75.0 -1.0 46.0 23.0 -1.0 -1.0 84.0 -1.0 -1.0 -1.0 -1.0 -1.0 
-1.0 -1.0 -1.0 89.0 17.0 65.0 -1.0 94.0 -1.0 -1.0 -1.0 -1.0 -1.0 21.0 -1.0 
-1.0 81.0 49.0 51.0 -1.0 -1.0 19.0 75.0 67.0 50.0 -1.0 37.0 -1.0 34.0 49.0 
73.0 -1.0 32.0 33.0 -1.0 80.0 -1.0 63.0 -1.0 -1.0 -1.0 -1.0 -1.0 100.0 -1.0 
94.0 -1.0 -1.0 31.0 24.0 -1.0 -1.0 -1.0 50.0 26.0 100.0 -1.0 -1.0 -1.0 -1.0 
92.0 22.0 -1.0 -1.0 -1.0 -1.0 63.0 -1.0 -1.0 -1.0 -1.0 -1.0 67.0 -1.0 86.0 
98.0 41.0 -1.0 79.0 72.0 -1.0 21.0 30.0 -1.0 -1.0 70.0 33.0 -1.0 32.0 -1.0 
-1.0 42.0 -1.0 34.0 47.0 17.0 -1.0 -1.0 82.0 -1.0 -1.0 -1.0 -1.0 -1.0 -1.0 
-1.0 -1.0 19.0 -1.0 35.0 83.0 71.0 -1.0 -1.0 97.0 24.0 -1.0 -1.0 25.0 -1.0 
84.0 -1.0 46.0 -1.0 24.0 59.0 19.0 53.0 79.0 -1.0 -1.0 86.0 81.0 41.0 -1.0 
52.0 44.0 -1.0 59.0 20.0 22.0 11.0 78.0 -1.0 26.0 -1.0 -1.0 19.0 -1.0 65.0 
-1.0 -1.0 87.0 -1.0 76.0 -1.0 25.0 52.0 73.0 63.0 50.0 -1.0 -1.0 -1.0 17.0 
-1.0 19.0 79.0 -1.0 -1.0 -1.0 99.0 93.0 20.0 -1.0 17.0 36.0 -1.0 -1.0 82.0 
85.0 24.0 -1.0 11.0 62.0 88.0 70.0 71.0 82.0 -1.0 -1.0 -1.0 89.0 -1.0 49.0 
-1.0 -1.0 98.0 33.0 -1.0 -1.0 55.0 -1.0 64.0 59.0 -1.0 -1.0 -1.0 -1.0 94.0 
94.0 95.0 -1.0 89.0 -1.0 -1.0 12.0 -1.0 -1.0 -1.0 -1.0 -1.0 76.0 -1.0 -1.0 
40.0 82.0 29.0 -1.0 30.0 -1.0 93.0 14.0 13.0 -1.0 -1.0 16.0 -1.0 -1.0 76.0 
79.0 -1.0 -1.0 88.0 -1.0 -1.0 -1.0 16.0 -1.0 -1.0 -1.0 73.0 35.0 40.0 -1.0 
-1.0 -1.0 -1.0 -1.0 27.0 -1.0 23.0 -1.0 26.0 -1.0 -1.0 -1.0 93.0 48.0 -1.0 
36.0 -1.0 -1.0 -1.0 26.0 93.0 -1.0 -1.0 43.0 59.0 47.0 26.0 33.0 -1.0 -1.0 
69.0 -1.0 -1.0 -1.0 36.0 63.0 -1.0 64.0 -1.0 -1.0 -1.0 78.0 98.0 91.0 -1.0 
74.0 -1.0 -1.0 94.0 -1.0 83.0 -1.0 65.0 33.0 -1.0 -1.0 49.0 48.0 -1.0 73.0 
71.0 36.0 -1.0 -1.0 12.0 43.0 -1.0 46.0 -1.0 25.0 23.0 84.0 50.0 22.0 -1.0 
58.0 49.0 87.0 -1.0 -1.0 94.0 75.0 79.0 28.0 23.0 14.0 16.0 -1.0 -1.0 -1.0 
47.0 -1.0 -1.0 21.0 54.0 23.0 60.0 61.0 70.0 -1.0 -1.0 -1.0 -1.0 81.0 -1.0 
80.0 -1.0 -1.0 47.0 64.0 -1.0 17.0 60.0 49.0 55.0 39.0 -1.0 -1.0 -1.0 85.0 
16.0 58.0 90.0 67.0 -1.0 -1.0 -1.0 81.0 -1.0 -1.0 27.0 39.0 -1.0 39.0 16.0 
-1.0 -1.0 21.0 -1.0 -1.0 -1.0 51.0 -1.0 -1.0 21.0 -1.0 -1.0 42.0 -1.0 15.0 
62.0 75.0 75.0 38.0 -1.0 -1.0 42.0 24.0 -1.0 48.0 72.0 -1.0 66.0 25.0 -1.0 
-1.0 -1.0 -1.0 74.0 51.0 37.0 -1.0 31.0 -1.0 75.0 -1.0 -1.0 96.0 -1.0 -1.0 
-1.0 59.0 -1.0 74.0 49.0 94.0 -1.0 60.0 94.0 33.0 27.0 -1.0 42.0 -1.0 33.0 
33.0 83.0 52.0 -1.0 72.0 -1.0 69.0 86.0 -1.0 -1.0 53.0 63.0 -1.0 17.0 -1.0 
63.0 67.0 87.0 77.0 56.0 -1.0 92.0 69.0 -1.0 -1.0 -1.0 -1.0 -1.0 48.0 32.0 
-1.0 -1.0 76.0 34.0 -1.0 -1.0 26.0 -1.0 -1.0 -1.0 28.0 17.0 -1.0 -1.0 -1.0 
-1.0 -1.0 -1.0 -1.0 -1.0 55.0 23.0 48.0 43.0 13.0 -1.0 -1.0 -1.0 92.0 16.0 
-1.0 -1.0 -1.0 -1.0 -1.0 20.0 42.0 -1.0 34.0 81.0 -1.0 81.0 -1.0 -1.0 80.0 
67.0 74.0 39.0 44.0 -1.0 -1.0 -1.0 39.0 49.0 34.0 -1.0 58.0 86.0 -1.0 69.0 
41.0 61.0 29.0 67.0 -1.0 78.0 -1.0 52.0 -1.0 -1.0 -1.0 -1.0 64.0 -1.0 33.0 
66.0 61.0 87.0 27.0 -1.0 -1.0 14.0 89.0 99.0 -1.0 -1.0 -1.0 -1.0 36.0 86.0 
26.0 -1.0 55.0 81.0 33.0 86.0 -1.0 -1.0 51.0 85.0 68.0 -1.0 -1.0 -1.0 96.0 
97.0 34.0 70.0 27.0 28.0 35.0 22.0 -1.0 -1.0 -1.0 86.0 -1.0 52.0 -1.0 13.0 
-1.0 81.0 58.0 52.0 -1.0 79.0 -1.0 -1.0 -1.0 37.0 -1.0 -1.0 -1.0 -1.0 -1.0 
22.0 -1.0 -1.0 59.0 -1.0 29.0 46.0 -1.0 79.0 88.0 40.0 100.0 71.0 51.0 -1.0 
-1.0 -1.0 -1.0 15.0 -1.0 -1.0 -1.0 10.0 94.0 33.0 -1.0 -1.0 87.0 26.0 -1.0 
37.0 -1.0 -1.0 30.0 -1.0 -1.0 74.0 -1.0 -1.0 -1.0 43.0 -1.0 50.0 95.0 33.0 
23.0 57.0 -1.0 59.0 -1.0 -1.0 64.0 -1.0 77.0 -1.0 46.0 41.0 -1.0 -1.0 89.0 
-1.0 -1.0 -1.0 12.0 93.0 -1.0 19.0 13.0 52.0 -1.0 52.0 57.0 -1.0 -1.0 51.0 
-1.0 -1.0 -1.0 -1.0 -1.0 -1.0 35.0 -1.0 84.0 93.0 -1.0 58.0 -1.0 -1.0 17.0 
24.0 67.0 52.0 59.0 52.0 46.0 -1.0 -1.0 -1.0 20.0 60.0 -1.0 -1.0 52.0 99.0 
-1.0 61.0 -1.0 22.0 72.0 67.0 -1.0 97.0 34.0 49.0 71.0 54.0 -1.0 28.0 -1.0 
33.0 52.0 -1.0 -1.0 -1.0 59.0 40.0 40.0 59.0 -1.0 22.0 -1.0 -1.0 41.0 -1.0 
53.0 -1.0 -1.0 40.0 78.0 70.0 -1.0 -1.0 -1.0 -1.0 -1.0 45.0 74.0 -1.0 -1.0 
-1.0 22.0 -1.0 21.0 20.0 83.0 -1.0 47.0 61.0 -1.0 36.0 68.0 33.0 -1.0 16.0 
56.0 79.0 -1.0 65.0 59.0 68.0 17.0 -1.0 -1.0 -1.0 82.0 50.0 62.0 78.0 -1.0 
42.0 11.0 -1.0 -1.0 22.0 35.0 17.0 53.0 -1.0 -1.0 41.0 -1.0 -1.0 -1.0 -1.0 
