***n m*** 
30 15 
***h*** 
9 12 11 10 8 11 15 5 14 14 14 6 14 15 7 7 8 10 15 10 9 6 14 14 9 7 8 11 15 7 
***d*** 
1716.22 2306.12 961.26 1001.98 242.23 1808.81 1047.25 1325.08 1021.38 1012.71 1771.9 1619.18 1029.11 2339.87 2164.66 1438.33 1712.38 1484.88 1028.68 252.58 1718.07 1614.44 1561.87 1824.16 1750.9 242.17 1433.48 1536.1 264.52 234.43 
***M*** 
1 10 3 6 9 14 5 7 12 2 
15 10 14 4 12 
14 12 5 7 6 
1 7 13 3 9 14 8 11 5 
14 3 8 4 7 
10 4 11 6 2 13 15 3 
7 4 11 14 1 12 15 
10 3 9 12 8 15 5 2 6 11 
7 6 15 1 9 11 8 14 
13 1 4 8 6 9 15 10 5 12 
7 8 5 13 2 1 12 3 
13 8 11 14 9 1 15 
9 2 1 14 5 11 3 13 6 12 
5 8 15 14 10 3 9 1 
4 14 10 1 6 3 15 13 7 12 
10 3 7 8 13 4 6 9 11 2 
7 3 8 1 2 
8 5 9 1 2 
15 14 3 11 13 1 4 
3 10 13 15 5 14 1 12 11 
15 10 13 7 6 
15 6 14 9 8 7 1 
3 8 7 10 11 6 13 15 9 5 
3 14 2 5 4 9 1 13 8 12 
13 15 5 12 3 
14 15 11 5 9 13 10 
3 13 10 15 5 8 14 7 12 11 
2 3 13 5 12 4 8 
15 5 2 14 8 7 12 10 1 3 
2 12 14 13 10 8 15 
15 14 4 10 1 
11 12 3 10 14 2 5 4 
9 4 11 2 10 
8 12 10 3 5 14 11 7 
1 6 8 3 10 
1 14 10 4 12 15 11 2 
8 1 2 15 9 14 6 
4 9 11 12 13 
4 14 3 12 8 
8 11 3 6 14 7 2 12 9 10 
11 1 10 7 3 13 5 8 15 12 
10 8 14 13 9 6 1 5 7 4 
2 8 9 6 1 4 14 13 
12 11 9 6 15 8 10 14 
4 7 8 13 14 
11 4 12 2 9 10 
8 3 10 4 13 
1 5 11 4 14 3 12 10 13 8 
9 6 8 10 7 13 
7 13 11 5 1 8 12 
13 14 5 6 11 10 15 4 3 
14 8 4 1 6 
13 12 15 11 6 
5 2 1 12 15 6 3 10 
15 3 13 11 7 2 6 8 14 
7 3 1 11 15 9 
5 1 15 6 12 11 13 8 9 7 
11 1 2 4 9 12 14 6 8 10 
11 7 4 8 10 2 
9 3 10 4 8 1 2 14 
4 6 3 1 12 
7 13 1 10 9 3 6 
15 10 13 5 8 1 2 3 7 
3 2 6 5 4 1 7 
2 9 14 15 7 8 4 
14 1 9 2 5 
9 1 7 4 14 11 13 
5 3 14 2 15 8 11 
2 7 1 4 13 3 11 8 
7 8 6 11 15 13 14 9 
3 9 15 2 6 7 
10 1 8 7 15 12 
5 3 7 10 11 4 13 12 1 15 
4 15 5 13 10 14 7 3 
8 13 15 3 12 11 7 1 
4 11 14 8 10 3 7 9 6 
5 15 9 13 6 11 12 10 
4 3 9 15 10 6 7 5 1 
8 12 13 14 3 1 11 
2 3 1 12 8 
14 8 3 11 12 
14 9 2 8 11 
14 13 5 9 6 1 12 11 4 3 
10 7 5 11 14 
3 8 7 15 5 2 10 14 13 11 
11 13 7 14 2 10 5 15 
13 14 2 4 7 15 10 
6 5 12 10 1 11 7 4 14 3 
6 7 13 5 10 3 8 11 
3 10 6 7 13 5 
4 12 3 5 7 
15 13 2 8 9 6 14 4 
3 10 7 15 1 2 11 12 
5 4 11 12 1 2 6 7 
6 11 9 7 15 2 5 13 4 
1 5 4 11 10 
10 6 12 9 1 2 14 
8 5 7 15 1 4 10 13 
12 4 1 15 7 6 14 2 3 
13 11 1 15 14 6 9 
1 12 11 6 13 15 14 3 
15 8 7 11 6 2 4 13 9 10 
3 4 2 10 15 8 7 11 6 1 
1 11 5 13 2 7 3 4 8 
8 2 7 6 10 12 9 1 
4 6 3 7 8 12 
1 7 6 13 10 5 8 4 
1 14 9 12 5 11 4 8 15 13 
2 6 14 9 11 13 8 
6 12 14 15 9 2 13 10 7 
5 14 6 10 8 15 
11 3 12 7 8 9 6 4 
3 12 9 2 1 
2 3 11 4 14 8 6 1 
12 5 8 13 1 4 2 3 11 
15 13 11 9 4 
10 3 1 8 9 13 5 7 14 2 
7 1 5 4 2 10 11 13 
12 1 10 7 2 14 5 9 11 
15 3 4 12 9 11 13 
14 8 5 15 10 2 11 3 1 9 
6 13 8 1 9 5 7 
2 11 6 1 14 7 12 10 
5 10 15 2 9 8 14 13 6 
13 1 4 15 12 
1 12 3 13 14 
13 3 6 11 5 7 2 1 
8 2 12 4 11 14 
10 8 6 14 3 5 4 1 
3 9 14 12 13 
15 14 5 4 11 10 13 8 
12 4 6 8 14 10 11 7 
1 15 6 11 4 8 
10 7 1 5 13 2 12 8 11 4 
7 2 9 6 3 10 1 5 12 4 
11 8 12 3 13 1 2 
9 3 1 5 4 
7 11 5 15 9 3 13 2 14 10 
6 3 1 9 13 14 7 2 4 5 
12 14 1 10 7 
10 8 15 4 7 14 5 13 6 
14 11 2 1 3 5 6 10 12 
14 10 15 5 4 12 6 1 11 13 
12 9 3 6 2 10 11 5 13 15 
15 2 13 5 3 
15 6 10 8 7 14 12 3 5 1 
8 15 9 13 3 1 7 5 
13 10 2 12 6 
4 11 12 13 7 10 9 6 15 2 
11 13 1 7 5 2 15 12 4 9 
4 6 2 10 8 7 5 13 9 11 
11 15 14 13 8 2 
7 2 3 4 5 11 
10 12 2 13 6 7 11 8 1 
8 5 11 10 7 6 
6 9 13 7 5 10 14 
2 12 3 8 6 10 
2 14 1 3 7 5 15 12 
12 6 7 1 2 11 
9 3 8 1 13 
13 3 1 12 14 11 6 
6 15 10 2 13 12 1 
13 7 12 8 3 
12 13 14 15 2 8 7 10 9 
1 13 7 12 15 8 
7 6 4 14 11 
12 15 1 8 11 6 
14 7 12 9 4 
3 13 14 10 2 4 8 5 9 
4 15 7 14 5 13 
6 15 13 7 9 11 14 
1 6 12 4 5 
13 3 14 4 6 8 
8 15 7 2 4 11 1 9 
9 4 13 2 12 3 
7 6 15 2 1 
3 9 7 11 6 2 14 
9 12 5 2 11 7 15 
12 9 1 14 6 11 8 
1 9 10 4 3 12 5 11 13 15 
11 4 5 13 6 12 7 
7 9 3 8 5 
7 8 14 15 11 10 5 2 6 4 
11 9 10 7 12 3 2 4 5 6 
12 14 4 8 7 11 1 3 10 6 
1 8 6 5 3 15 11 2 10 9 
10 13 14 4 6 2 3 
15 8 6 1 12 7 13 5 4 9 
2 3 11 13 6 9 15 10 
2 3 4 13 6 5 10 11 15 
6 4 2 15 12 10 1 14 9 
14 10 1 13 4 2 8 3 5 11 
15 12 14 5 11 1 
14 13 3 6 12 5 11 4 10 7 
3 10 13 4 6 
7 6 10 12 2 15 3 
2 7 10 4 14 13 9 15 8 
10 15 4 6 14 11 1 8 
3 8 11 13 9 2 5 7 4 1 
3 8 10 7 15 
10 1 12 4 2 8 15 
13 9 14 4 2 12 11 6 10 3 
2 7 12 1 3 13 8 5 14 10 
12 4 10 3 15 1 5 9 14 
12 10 11 7 6 
10 9 4 5 14 1 11 
12 5 1 8 3 2 13 
11 1 4 2 12 8 13 5 14 
13 3 7 15 2 5 4 10 8 
10 6 15 3 11 12 1 7 13 8 
11 1 7 8 2 5 4 6 12 14 
9 3 1 4 5 8 12 10 
7 6 13 1 12 
9 2 8 5 14 3 13 15 1 
6 10 14 1 11 9 3 
4 8 14 6 3 5 10 
1 14 4 3 7 2 13 5 
14 10 7 4 11 13 15 
6 12 5 2 9 3 
10 4 14 9 13 3 12 1 15 
1 3 7 14 5 12 9 
1 4 6 8 12 7 9 
15 13 14 2 5 10 8 4 6 3 
14 1 15 11 5 3 
7 15 14 2 6 
15 2 10 12 7 11 5 13 6 1 
4 1 15 12 11 5 
4 2 8 1 12 10 
2 5 4 11 3 9 10 
15 10 8 9 7 11 6 2 4 13 
12 8 11 10 5 14 9 13 1 15 
15 10 6 2 14 8 13 9 7 
13 9 7 5 6 3 2 12 
11 15 3 9 4 
13 11 2 10 6 8 
9 4 3 10 6 5 12 8 13 15 
9 8 13 5 3 14 
6 15 9 10 13 
10 5 13 9 4 2 
13 6 4 3 15 9 14 10 
11 14 4 3 12 2 
1 4 7 13 3 15 8 2 
7 8 9 10 15 1 4 3 
3 7 2 11 14 4 6 8 10 9 
15 10 9 13 1 2 8 12 3 
9 13 14 6 5 
6 11 9 13 8 10 12 7 2 5 
9 3 4 14 11 8 10 
8 6 10 2 5 4 9 13 11 
9 2 1 6 8 3 14 11 
14 6 1 13 15 7 12 8 
15 6 10 5 7 9 12 13 1 4 
12 9 14 1 6 11 2 8 
14 11 13 12 3 10 2 4 1 
13 3 7 6 2 4 8 
9 15 11 6 10 1 12 8 7 
15 7 11 9 6 10 14 12 
4 6 11 13 10 5 14 1 
13 9 6 8 2 7 10 5 4 
13 10 12 6 8 9 1 15 7 
13 9 14 5 12 11 
3 15 7 13 14 
14 6 2 13 15 
9 4 8 12 3 15 7 2 
1 3 8 15 11 7 4 
4 10 9 14 8 1 2 
2 10 8 12 14 
12 8 9 11 10 
3 1 6 10 12 8 2 
15 3 7 11 8 10 9 12 14 
10 12 9 6 5 14 1 
12 10 8 6 5 15 11 4 7 
6 1 8 4 10 15 
6 1 4 2 7 
2 11 1 14 15 8 6 
4 3 7 9 8 10 
2 9 14 3 8 6 4 15 
11 12 7 4 2 5 10 6 
14 13 1 3 6 7 9 
5 8 11 10 1 9 3 4 15 
1 15 9 13 14 12 4 
11 3 2 8 6 4 14 
13 4 11 8 2 12 6 
12 3 10 4 2 11 6 8 
1 10 9 7 12 6 11 4 
2 7 14 6 15 4 11 
11 8 14 12 1 
15 9 14 12 2 8 4 11 1 6 
6 3 14 12 8 11 1 
8 13 15 9 7 4 
7 1 4 13 3 9 6 14 12 
14 11 13 10 4 3 
6 5 13 8 11 3 12 
14 15 9 5 2 10 4 1 
6 15 5 12 10 2 14 
10 8 1 7 13 
15 13 12 7 14 
11 3 2 6 1 14 
13 12 6 11 8 7 5 
12 11 6 9 3 5 4 8 
8 4 12 14 2 
6 11 1 15 7 4 5 10 8 
13 10 8 15 5 7 12 
15 12 9 3 7 
4 7 1 3 11 12 15 
2 5 15 6 12 7 8 13 3 14 
2 9 1 12 3 6 
3 11 7 15 6 12 
2 10 14 1 8 9 13 7 
5 6 3 1 13 
14 13 10 4 9 1 7 3 
4 14 6 10 3 2 
12 13 4 7 9 10 
3 15 12 6 11 14 10 8 
5 8 11 1 9 6 
***P*** 
35.0 18.0 33.0 -1.0 95.0 67.0 33.0 -1.0 87.0 63.0 -1.0 93.0 -1.0 83.0 -1.0 
-1.0 -1.0 -1.0 29.0 -1.0 -1.0 -1.0 -1.0 -1.0 58.0 -1.0 81.0 -1.0 57.0 51.0 
-1.0 -1.0 -1.0 -1.0 81.0 40.0 68.0 -1.0 -1.0 -1.0 -1.0 13.0 -1.0 52.0 -1.0 
45.0 -1.0 94.0 -1.0 10.0 -1.0 12.0 85.0 29.0 -1.0 37.0 -1.0 64.0 28.0 -1.0 
-1.0 -1.0 62.0 45.0 -1.0 -1.0 10.0 85.0 -1.0 -1.0 -1.0 -1.0 -1.0 97.0 -1.0 
-1.0 84.0 79.0 55.0 -1.0 47.0 -1.0 -1.0 -1.0 84.0 68.0 -1.0 58.0 -1.0 32.0 
60.0 -1.0 -1.0 64.0 -1.0 -1.0 16.0 -1.0 -1.0 -1.0 83.0 20.0 -1.0 47.0 88.0 
-1.0 97.0 93.0 -1.0 67.0 72.0 -1.0 21.0 48.0 57.0 35.0 77.0 -1.0 -1.0 29.0 
12.0 -1.0 -1.0 -1.0 -1.0 72.0 66.0 73.0 46.0 -1.0 24.0 -1.0 -1.0 98.0 93.0 
30.0 -1.0 -1.0 37.0 69.0 71.0 -1.0 19.0 29.0 24.0 -1.0 59.0 74.0 -1.0 92.0 
29.0 79.0 10.0 -1.0 81.0 -1.0 70.0 61.0 -1.0 -1.0 -1.0 74.0 78.0 -1.0 -1.0 
68.0 -1.0 -1.0 -1.0 -1.0 -1.0 -1.0 28.0 28.0 -1.0 44.0 -1.0 65.0 28.0 38.0 
80.0 61.0 11.0 -1.0 77.0 76.0 -1.0 -1.0 96.0 -1.0 82.0 75.0 90.0 88.0 -1.0 
69.0 -1.0 49.0 -1.0 39.0 -1.0 -1.0 30.0 87.0 49.0 -1.0 -1.0 -1.0 26.0 36.0 
80.0 -1.0 56.0 78.0 -1.0 77.0 33.0 -1.0 -1.0 79.0 -1.0 34.0 44.0 91.0 44.0 
-1.0 56.0 75.0 32.0 -1.0 25.0 11.0 14.0 74.0 95.0 38.0 -1.0 22.0 -1.0 -1.0 
96.0 66.0 38.0 -1.0 -1.0 -1.0 84.0 42.0 -1.0 -1.0 -1.0 -1.0 -1.0 -1.0 -1.0 
97.0 44.0 -1.0 -1.0 29.0 -1.0 -1.0 85.0 49.0 -1.0 -1.0 -1.0 -1.0 -1.0 -1.0 
66.0 -1.0 18.0 79.0 -1.0 -1.0 -1.0 -1.0 -1.0 -1.0 38.0 -1.0 42.0 78.0 11.0 
30.0 -1.0 57.0 -1.0 36.0 -1.0 -1.0 -1.0 -1.0 80.0 74.0 67.0 62.0 46.0 93.0 
-1.0 -1.0 -1.0 -1.0 -1.0 47.0 11.0 -1.0 -1.0 35.0 -1.0 -1.0 40.0 -1.0 89.0 
26.0 -1.0 -1.0 -1.0 -1.0 51.0 79.0 86.0 51.0 -1.0 -1.0 -1.0 -1.0 16.0 40.0 
-1.0 -1.0 65.0 -1.0 67.0 73.0 11.0 84.0 49.0 73.0 60.0 -1.0 68.0 -1.0 58.0 
46.0 48.0 73.0 40.0 59.0 -1.0 -1.0 17.0 67.0 -1.0 -1.0 98.0 22.0 42.0 -1.0 
-1.0 -1.0 39.0 -1.0 50.0 -1.0 -1.0 -1.0 -1.0 -1.0 -1.0 21.0 63.0 -1.0 54.0 
-1.0 -1.0 -1.0 -1.0 54.0 -1.0 -1.0 -1.0 39.0 74.0 67.0 -1.0 60.0 72.0 26.0 
-1.0 -1.0 59.0 -1.0 29.0 -1.0 56.0 60.0 -1.0 15.0 51.0 11.0 76.0 74.0 34.0 
-1.0 54.0 43.0 65.0 53.0 -1.0 -1.0 21.0 -1.0 -1.0 -1.0 25.0 96.0 -1.0 -1.0 
16.0 100.0 62.0 -1.0 50.0 -1.0 91.0 12.0 -1.0 19.0 -1.0 44.0 -1.0 72.0 48.0 
-1.0 71.0 -1.0 -1.0 -1.0 -1.0 -1.0 89.0 -1.0 56.0 -1.0 36.0 28.0 65.0 78.0 
35.0 -1.0 -1.0 71.0 -1.0 -1.0 -1.0 -1.0 -1.0 68.0 -1.0 -1.0 -1.0 35.0 28.0 
-1.0 31.0 66.0 14.0 91.0 -1.0 -1.0 -1.0 -1.0 52.0 93.0 29.0 -1.0 57.0 -1.0 
-1.0 57.0 -1.0 45.0 -1.0 -1.0 -1.0 -1.0 11.0 24.0 39.0 -1.0 -1.0 -1.0 -1.0 
-1.0 -1.0 43.0 -1.0 92.0 -1.0 14.0 75.0 -1.0 11.0 64.0 66.0 -1.0 70.0 -1.0 
71.0 -1.0 60.0 -1.0 -1.0 34.0 -1.0 80.0 -1.0 51.0 -1.0 -1.0 -1.0 -1.0 -1.0 
48.0 34.0 -1.0 60.0 -1.0 -1.0 -1.0 -1.0 -1.0 57.0 62.0 20.0 -1.0 11.0 45.0 
83.0 72.0 -1.0 -1.0 -1.0 72.0 -1.0 79.0 65.0 -1.0 -1.0 -1.0 -1.0 38.0 48.0 
-1.0 -1.0 -1.0 53.0 -1.0 -1.0 -1.0 -1.0 29.0 -1.0 13.0 82.0 88.0 -1.0 -1.0 
-1.0 -1.0 30.0 14.0 -1.0 -1.0 -1.0 100.0 -1.0 -1.0 -1.0 32.0 -1.0 58.0 -1.0 
-1.0 23.0 94.0 -1.0 -1.0 16.0 42.0 92.0 25.0 18.0 79.0 65.0 -1.0 46.0 -1.0 
61.0 -1.0 63.0 -1.0 85.0 -1.0 85.0 76.0 -1.0 79.0 40.0 48.0 49.0 -1.0 94.0 
95.0 -1.0 -1.0 26.0 16.0 56.0 77.0 24.0 19.0 72.0 -1.0 -1.0 49.0 14.0 -1.0 
94.0 72.0 -1.0 73.0 -1.0 77.0 -1.0 90.0 92.0 -1.0 -1.0 -1.0 52.0 50.0 -1.0 
-1.0 -1.0 -1.0 -1.0 -1.0 23.0 -1.0 10.0 61.0 27.0 25.0 68.0 -1.0 96.0 15.0 
-1.0 -1.0 -1.0 10.0 -1.0 -1.0 30.0 24.0 -1.0 -1.0 -1.0 -1.0 49.0 26.0 -1.0 
-1.0 33.0 -1.0 45.0 -1.0 -1.0 -1.0 -1.0 44.0 22.0 56.0 87.0 -1.0 -1.0 -1.0 
-1.0 -1.0 61.0 32.0 -1.0 -1.0 -1.0 88.0 -1.0 64.0 -1.0 -1.0 42.0 -1.0 -1.0 
32.0 -1.0 64.0 59.0 42.0 -1.0 -1.0 96.0 -1.0 86.0 25.0 69.0 72.0 35.0 -1.0 
-1.0 -1.0 -1.0 -1.0 -1.0 75.0 18.0 52.0 37.0 59.0 -1.0 -1.0 99.0 -1.0 -1.0 
61.0 -1.0 -1.0 -1.0 54.0 -1.0 36.0 11.0 -1.0 -1.0 80.0 84.0 92.0 -1.0 -1.0 
-1.0 -1.0 54.0 12.0 47.0 29.0 -1.0 -1.0 -1.0 69.0 44.0 -1.0 11.0 97.0 88.0 
43.0 -1.0 -1.0 85.0 -1.0 14.0 -1.0 90.0 -1.0 -1.0 -1.0 -1.0 -1.0 92.0 -1.0 
-1.0 -1.0 -1.0 -1.0 -1.0 59.0 -1.0 -1.0 -1.0 -1.0 60.0 33.0 21.0 -1.0 12.0 
97.0 49.0 42.0 -1.0 51.0 81.0 -1.0 -1.0 -1.0 46.0 -1.0 66.0 -1.0 -1.0 86.0 
-1.0 61.0 74.0 -1.0 -1.0 46.0 90.0 42.0 -1.0 -1.0 79.0 -1.0 95.0 69.0 39.0 
67.0 -1.0 39.0 -1.0 -1.0 -1.0 41.0 -1.0 30.0 -1.0 51.0 -1.0 -1.0 -1.0 72.0 
37.0 -1.0 -1.0 -1.0 65.0 98.0 15.0 68.0 52.0 -1.0 97.0 63.0 97.0 -1.0 42.0 
58.0 42.0 -1.0 46.0 -1.0 87.0 -1.0 20.0 31.0 36.0 20.0 79.0 -1.0 11.0 -1.0 
-1.0 23.0 -1.0 24.0 -1.0 -1.0 95.0 79.0 -1.0 53.0 81.0 -1.0 -1.0 -1.0 -1.0 
29.0 22.0 31.0 60.0 -1.0 -1.0 -1.0 29.0 86.0 21.0 -1.0 -1.0 -1.0 92.0 -1.0 
42.0 -1.0 12.0 68.0 -1.0 97.0 -1.0 -1.0 -1.0 -1.0 -1.0 28.0 -1.0 -1.0 -1.0 
26.0 -1.0 34.0 -1.0 -1.0 55.0 55.0 -1.0 56.0 77.0 -1.0 -1.0 80.0 -1.0 -1.0 
22.0 52.0 82.0 -1.0 29.0 -1.0 18.0 89.0 -1.0 39.0 -1.0 -1.0 22.0 -1.0 86.0 
44.0 95.0 35.0 76.0 10.0 79.0 45.0 -1.0 -1.0 -1.0 -1.0 -1.0 -1.0 -1.0 -1.0 
-1.0 90.0 -1.0 67.0 -1.0 -1.0 46.0 37.0 57.0 -1.0 -1.0 -1.0 -1.0 24.0 34.0 
90.0 60.0 -1.0 -1.0 49.0 -1.0 -1.0 -1.0 76.0 -1.0 -1.0 -1.0 -1.0 57.0 -1.0 
29.0 -1.0 -1.0 25.0 -1.0 -1.0 67.0 -1.0 64.0 -1.0 72.0 -1.0 59.0 82.0 -1.0 
-1.0 59.0 22.0 -1.0 43.0 -1.0 -1.0 100.0 -1.0 -1.0 43.0 -1.0 -1.0 14.0 82.0 
20.0 54.0 46.0 24.0 -1.0 -1.0 75.0 66.0 -1.0 -1.0 13.0 -1.0 16.0 -1.0 -1.0 
-1.0 -1.0 -1.0 -1.0 -1.0 21.0 33.0 95.0 22.0 -1.0 86.0 -1.0 76.0 97.0 15.0 
-1.0 65.0 66.0 -1.0 -1.0 76.0 77.0 -1.0 99.0 -1.0 -1.0 -1.0 -1.0 -1.0 75.0 
56.0 -1.0 -1.0 -1.0 -1.0 -1.0 38.0 51.0 -1.0 44.0 -1.0 89.0 -1.0 -1.0 35.0 
31.0 -1.0 68.0 69.0 56.0 -1.0 81.0 -1.0 -1.0 40.0 52.0 21.0 18.0 -1.0 66.0 
-1.0 -1.0 27.0 22.0 24.0 -1.0 53.0 -1.0 -1.0 52.0 -1.0 -1.0 39.0 57.0 73.0 
59.0 -1.0 64.0 -1.0 -1.0 -1.0 34.0 76.0 -1.0 -1.0 52.0 12.0 95.0 -1.0 76.0 
-1.0 -1.0 85.0 13.0 -1.0 25.0 81.0 69.0 81.0 43.0 21.0 -1.0 -1.0 92.0 -1.0 
-1.0 -1.0 -1.0 -1.0 91.0 24.0 -1.0 -1.0 61.0 24.0 100.0 77.0 17.0 -1.0 87.0 
57.0 -1.0 59.0 98.0 79.0 42.0 25.0 -1.0 50.0 29.0 -1.0 -1.0 -1.0 -1.0 54.0 
17.0 -1.0 52.0 -1.0 -1.0 -1.0 -1.0 84.0 -1.0 -1.0 79.0 46.0 14.0 60.0 -1.0 
38.0 57.0 88.0 -1.0 -1.0 -1.0 -1.0 82.0 -1.0 -1.0 -1.0 10.0 -1.0 -1.0 -1.0 
-1.0 -1.0 68.0 -1.0 -1.0 -1.0 -1.0 64.0 -1.0 -1.0 81.0 36.0 -1.0 42.0 -1.0 
-1.0 31.0 -1.0 -1.0 -1.0 -1.0 -1.0 58.0 61.0 -1.0 74.0 -1.0 -1.0 68.0 -1.0 
62.0 -1.0 23.0 43.0 96.0 10.0 -1.0 -1.0 78.0 -1.0 31.0 56.0 89.0 12.0 -1.0 
-1.0 -1.0 -1.0 -1.0 45.0 -1.0 62.0 -1.0 -1.0 75.0 43.0 -1.0 -1.0 66.0 -1.0 
-1.0 84.0 34.0 -1.0 66.0 -1.0 95.0 46.0 -1.0 47.0 12.0 -1.0 98.0 44.0 37.0 
-1.0 12.0 -1.0 -1.0 37.0 -1.0 83.0 -1.0 -1.0 55.0 76.0 -1.0 16.0 53.0 79.0 
-1.0 68.0 -1.0 69.0 -1.0 -1.0 70.0 -1.0 -1.0 43.0 -1.0 -1.0 29.0 87.0 47.0 
98.0 -1.0 32.0 19.0 76.0 52.0 50.0 -1.0 -1.0 30.0 96.0 47.0 -1.0 72.0 -1.0 
-1.0 -1.0 88.0 -1.0 12.0 33.0 13.0 49.0 -1.0 47.0 47.0 -1.0 52.0 -1.0 -1.0 
-1.0 -1.0 52.0 -1.0 14.0 90.0 42.0 -1.0 -1.0 44.0 -1.0 -1.0 19.0 -1.0 -1.0 
-1.0 -1.0 88.0 14.0 26.0 -1.0 85.0 -1.0 -1.0 -1.0 -1.0 13.0 -1.0 -1.0 -1.0 
-1.0 98.0 -1.0 15.0 -1.0 77.0 -1.0 85.0 23.0 -1.0 -1.0 -1.0 54.0 22.0 62.0 
18.0 20.0 69.0 -1.0 -1.0 -1.0 15.0 -1.0 -1.0 81.0 55.0 34.0 -1.0 -1.0 12.0 
91.0 69.0 -1.0 87.0 58.0 96.0 99.0 -1.0 -1.0 -1.0 100.0 37.0 -1.0 -1.0 -1.0 
-1.0 54.0 -1.0 32.0 38.0 98.0 61.0 -1.0 58.0 -1.0 100.0 -1.0 64.0 -1.0 34.0 
76.0 -1.0 -1.0 94.0 41.0 -1.0 -1.0 -1.0 -1.0 29.0 45.0 -1.0 -1.0 -1.0 -1.0 
74.0 15.0 -1.0 -1.0 -1.0 22.0 -1.0 -1.0 53.0 56.0 -1.0 89.0 -1.0 11.0 -1.0 
28.0 -1.0 -1.0 52.0 29.0 -1.0 82.0 81.0 -1.0 13.0 -1.0 -1.0 40.0 -1.0 46.0 
30.0 46.0 79.0 99.0 -1.0 78.0 81.0 -1.0 -1.0 -1.0 -1.0 21.0 -1.0 21.0 10.0 
56.0 -1.0 -1.0 -1.0 -1.0 34.0 -1.0 -1.0 31.0 -1.0 29.0 -1.0 66.0 48.0 71.0 
20.0 -1.0 89.0 -1.0 -1.0 66.0 -1.0 -1.0 -1.0 -1.0 32.0 91.0 29.0 86.0 49.0 
-1.0 69.0 -1.0 65.0 -1.0 62.0 31.0 22.0 53.0 100.0 18.0 -1.0 43.0 -1.0 68.0 
42.0 43.0 24.0 30.0 -1.0 53.0 82.0 60.0 -1.0 96.0 62.0 -1.0 -1.0 -1.0 31.0 
66.0 36.0 63.0 53.0 80.0 -1.0 82.0 72.0 -1.0 -1.0 69.0 -1.0 72.0 -1.0 -1.0 
57.0 95.0 -1.0 -1.0 -1.0 56.0 85.0 89.0 23.0 85.0 -1.0 45.0 -1.0 -1.0 -1.0 
-1.0 -1.0 43.0 48.0 -1.0 54.0 74.0 74.0 -1.0 -1.0 -1.0 65.0 -1.0 -1.0 -1.0 
65.0 -1.0 -1.0 20.0 34.0 21.0 96.0 49.0 -1.0 90.0 -1.0 -1.0 60.0 -1.0 -1.0 
63.0 -1.0 -1.0 80.0 12.0 -1.0 -1.0 34.0 42.0 -1.0 83.0 86.0 84.0 50.0 63.0 
-1.0 26.0 -1.0 -1.0 -1.0 36.0 -1.0 45.0 16.0 -1.0 15.0 -1.0 32.0 60.0 -1.0 
-1.0 32.0 -1.0 -1.0 -1.0 96.0 11.0 -1.0 55.0 12.0 -1.0 93.0 68.0 32.0 95.0 
-1.0 -1.0 -1.0 -1.0 87.0 60.0 -1.0 100.0 -1.0 82.0 -1.0 -1.0 -1.0 25.0 65.0 
-1.0 -1.0 25.0 94.0 -1.0 42.0 100.0 81.0 62.0 -1.0 70.0 11.0 -1.0 -1.0 -1.0 
82.0 46.0 51.0 -1.0 -1.0 -1.0 -1.0 -1.0 68.0 -1.0 -1.0 37.0 -1.0 -1.0 -1.0 
35.0 12.0 57.0 87.0 -1.0 84.0 -1.0 21.0 -1.0 -1.0 35.0 -1.0 -1.0 21.0 -1.0 
95.0 91.0 15.0 23.0 58.0 -1.0 -1.0 39.0 -1.0 -1.0 23.0 88.0 55.0 -1.0 -1.0 
-1.0 -1.0 -1.0 56.0 -1.0 -1.0 -1.0 -1.0 92.0 -1.0 31.0 -1.0 45.0 -1.0 77.0 
51.0 97.0 57.0 -1.0 37.0 -1.0 64.0 45.0 45.0 51.0 -1.0 -1.0 57.0 45.0 -1.0 
93.0 88.0 -1.0 50.0 94.0 -1.0 42.0 -1.0 -1.0 20.0 97.0 -1.0 41.0 -1.0 -1.0 
82.0 97.0 -1.0 -1.0 94.0 -1.0 54.0 -1.0 84.0 47.0 41.0 68.0 -1.0 72.0 -1.0 
-1.0 -1.0 27.0 43.0 -1.0 -1.0 -1.0 -1.0 80.0 -1.0 88.0 64.0 40.0 -1.0 49.0 
59.0 62.0 39.0 -1.0 72.0 -1.0 -1.0 61.0 30.0 85.0 73.0 -1.0 -1.0 57.0 58.0 
73.0 -1.0 -1.0 -1.0 36.0 77.0 92.0 38.0 66.0 -1.0 -1.0 -1.0 46.0 -1.0 -1.0 
61.0 15.0 -1.0 -1.0 -1.0 40.0 83.0 -1.0 -1.0 31.0 81.0 60.0 -1.0 29.0 -1.0 
-1.0 80.0 -1.0 -1.0 34.0 31.0 -1.0 57.0 58.0 95.0 -1.0 -1.0 71.0 74.0 26.0 
36.0 -1.0 -1.0 20.0 -1.0 -1.0 -1.0 -1.0 -1.0 -1.0 -1.0 26.0 46.0 -1.0 38.0 
61.0 -1.0 71.0 -1.0 -1.0 -1.0 -1.0 -1.0 -1.0 -1.0 -1.0 92.0 42.0 50.0 -1.0 
45.0 69.0 69.0 -1.0 74.0 32.0 77.0 -1.0 -1.0 -1.0 62.0 -1.0 69.0 -1.0 -1.0 
-1.0 76.0 -1.0 62.0 -1.0 -1.0 -1.0 15.0 -1.0 -1.0 68.0 23.0 -1.0 64.0 -1.0 
76.0 -1.0 34.0 18.0 31.0 53.0 -1.0 90.0 -1.0 64.0 -1.0 -1.0 -1.0 74.0 -1.0 
-1.0 -1.0 54.0 -1.0 -1.0 -1.0 -1.0 -1.0 92.0 -1.0 -1.0 67.0 86.0 10.0 -1.0 
-1.0 -1.0 -1.0 10.0 57.0 -1.0 -1.0 77.0 -1.0 57.0 89.0 -1.0 51.0 23.0 51.0 
-1.0 -1.0 -1.0 25.0 -1.0 21.0 27.0 98.0 -1.0 40.0 57.0 80.0 -1.0 88.0 -1.0 
19.0 -1.0 -1.0 62.0 -1.0 79.0 -1.0 43.0 -1.0 -1.0 36.0 -1.0 -1.0 -1.0 37.0 
81.0 40.0 -1.0 90.0 29.0 -1.0 49.0 95.0 -1.0 80.0 11.0 22.0 31.0 -1.0 -1.0 
42.0 52.0 58.0 77.0 69.0 20.0 93.0 -1.0 40.0 93.0 -1.0 77.0 -1.0 -1.0 -1.0 
94.0 72.0 10.0 -1.0 -1.0 -1.0 -1.0 87.0 -1.0 -1.0 77.0 36.0 94.0 -1.0 -1.0 
58.0 -1.0 92.0 11.0 32.0 -1.0 -1.0 -1.0 71.0 -1.0 -1.0 -1.0 -1.0 -1.0 -1.0 
-1.0 14.0 81.0 -1.0 59.0 -1.0 42.0 -1.0 30.0 51.0 33.0 -1.0 90.0 40.0 35.0 
74.0 93.0 14.0 92.0 74.0 88.0 42.0 -1.0 82.0 -1.0 -1.0 -1.0 99.0 66.0 -1.0 
27.0 -1.0 -1.0 -1.0 -1.0 -1.0 87.0 -1.0 -1.0 86.0 -1.0 37.0 -1.0 98.0 -1.0 
-1.0 -1.0 -1.0 15.0 57.0 34.0 45.0 10.0 -1.0 61.0 -1.0 -1.0 92.0 13.0 98.0 
86.0 42.0 90.0 -1.0 82.0 83.0 -1.0 -1.0 -1.0 27.0 95.0 43.0 -1.0 98.0 -1.0 
65.0 -1.0 -1.0 20.0 74.0 95.0 -1.0 -1.0 -1.0 46.0 55.0 31.0 40.0 62.0 58.0 
-1.0 24.0 89.0 -1.0 71.0 100.0 -1.0 -1.0 99.0 20.0 62.0 25.0 31.0 -1.0 18.0 
-1.0 81.0 83.0 -1.0 47.0 -1.0 -1.0 -1.0 -1.0 -1.0 -1.0 -1.0 67.0 -1.0 67.0 
36.0 -1.0 96.0 -1.0 18.0 92.0 90.0 25.0 -1.0 65.0 -1.0 41.0 -1.0 31.0 73.0 
100.0 -1.0 11.0 -1.0 59.0 -1.0 40.0 53.0 67.0 -1.0 -1.0 -1.0 89.0 -1.0 76.0 
-1.0 44.0 -1.0 -1.0 -1.0 77.0 -1.0 -1.0 -1.0 44.0 -1.0 34.0 91.0 -1.0 -1.0 
-1.0 81.0 -1.0 10.0 -1.0 100.0 47.0 -1.0 76.0 88.0 21.0 75.0 88.0 -1.0 15.0 
96.0 76.0 -1.0 30.0 35.0 -1.0 53.0 -1.0 36.0 -1.0 49.0 73.0 58.0 -1.0 71.0 
-1.0 84.0 -1.0 35.0 35.0 88.0 58.0 65.0 59.0 34.0 15.0 -1.0 84.0 -1.0 -1.0 
-1.0 99.0 -1.0 -1.0 -1.0 -1.0 -1.0 78.0 -1.0 -1.0 87.0 -1.0 13.0 80.0 64.0 
-1.0 29.0 28.0 64.0 88.0 -1.0 67.0 -1.0 -1.0 -1.0 77.0 -1.0 -1.0 -1.0 -1.0 
69.0 37.0 -1.0 -1.0 -1.0 37.0 46.0 38.0 -1.0 75.0 73.0 35.0 95.0 -1.0 -1.0 
-1.0 -1.0 -1.0 -1.0 20.0 55.0 53.0 42.0 -1.0 54.0 85.0 -1.0 -1.0 -1.0 -1.0 
-1.0 -1.0 -1.0 -1.0 98.0 59.0 73.0 -1.0 77.0 76.0 -1.0 -1.0 89.0 100.0 -1.0 
-1.0 42.0 93.0 -1.0 -1.0 19.0 -1.0 97.0 -1.0 100.0 -1.0 25.0 -1.0 -1.0 -1.0 
48.0 26.0 46.0 -1.0 21.0 -1.0 23.0 -1.0 -1.0 -1.0 -1.0 56.0 -1.0 61.0 89.0 
51.0 21.0 -1.0 -1.0 -1.0 11.0 90.0 -1.0 -1.0 -1.0 96.0 92.0 -1.0 -1.0 -1.0 
13.0 -1.0 69.0 -1.0 -1.0 -1.0 -1.0 60.0 79.0 -1.0 -1.0 -1.0 80.0 -1.0 -1.0 
44.0 -1.0 92.0 -1.0 -1.0 44.0 -1.0 -1.0 -1.0 -1.0 57.0 68.0 95.0 60.0 -1.0 
20.0 44.0 -1.0 -1.0 -1.0 43.0 -1.0 -1.0 -1.0 70.0 -1.0 30.0 54.0 -1.0 71.0 
-1.0 -1.0 49.0 -1.0 -1.0 -1.0 34.0 11.0 -1.0 -1.0 -1.0 32.0 22.0 -1.0 -1.0 
-1.0 13.0 -1.0 -1.0 -1.0 -1.0 23.0 22.0 70.0 62.0 -1.0 20.0 20.0 19.0 18.0 
59.0 -1.0 -1.0 -1.0 -1.0 -1.0 18.0 29.0 -1.0 -1.0 -1.0 73.0 49.0 -1.0 85.0 
-1.0 -1.0 -1.0 57.0 -1.0 90.0 35.0 -1.0 -1.0 -1.0 53.0 -1.0 -1.0 53.0 -1.0 
39.0 -1.0 -1.0 -1.0 -1.0 37.0 -1.0 71.0 -1.0 -1.0 14.0 60.0 -1.0 -1.0 50.0 
-1.0 -1.0 -1.0 56.0 -1.0 -1.0 39.0 -1.0 24.0 -1.0 -1.0 42.0 -1.0 61.0 -1.0 
-1.0 62.0 52.0 73.0 33.0 -1.0 -1.0 82.0 18.0 35.0 -1.0 -1.0 57.0 66.0 -1.0 
-1.0 -1.0 -1.0 23.0 12.0 -1.0 63.0 -1.0 -1.0 -1.0 -1.0 -1.0 91.0 65.0 99.0 
-1.0 -1.0 -1.0 -1.0 -1.0 15.0 86.0 -1.0 12.0 -1.0 46.0 -1.0 80.0 72.0 91.0 
92.0 -1.0 -1.0 45.0 95.0 22.0 -1.0 -1.0 -1.0 -1.0 -1.0 60.0 -1.0 -1.0 -1.0 
-1.0 -1.0 65.0 61.0 -1.0 49.0 -1.0 43.0 -1.0 -1.0 -1.0 -1.0 15.0 89.0 -1.0 
51.0 29.0 -1.0 44.0 -1.0 -1.0 29.0 40.0 74.0 -1.0 39.0 -1.0 -1.0 -1.0 46.0 
-1.0 49.0 86.0 47.0 -1.0 -1.0 -1.0 -1.0 87.0 -1.0 -1.0 23.0 95.0 -1.0 -1.0 
16.0 26.0 -1.0 -1.0 -1.0 53.0 56.0 -1.0 -1.0 -1.0 -1.0 -1.0 -1.0 -1.0 12.0 
-1.0 21.0 91.0 -1.0 -1.0 100.0 87.0 -1.0 93.0 -1.0 67.0 -1.0 -1.0 77.0 -1.0 
-1.0 10.0 -1.0 -1.0 14.0 -1.0 96.0 -1.0 40.0 -1.0 43.0 91.0 -1.0 -1.0 84.0 
29.0 -1.0 -1.0 -1.0 -1.0 82.0 -1.0 18.0 99.0 -1.0 37.0 17.0 -1.0 53.0 -1.0 
78.0 -1.0 17.0 67.0 19.0 -1.0 -1.0 -1.0 46.0 40.0 59.0 88.0 23.0 -1.0 82.0 
-1.0 -1.0 -1.0 52.0 80.0 15.0 69.0 -1.0 -1.0 -1.0 42.0 66.0 49.0 -1.0 -1.0 
-1.0 -1.0 57.0 -1.0 31.0 -1.0 68.0 37.0 36.0 -1.0 -1.0 -1.0 -1.0 -1.0 -1.0 
-1.0 23.0 -1.0 83.0 56.0 80.0 83.0 30.0 -1.0 11.0 95.0 -1.0 -1.0 83.0 89.0 
-1.0 75.0 81.0 26.0 57.0 97.0 29.0 -1.0 94.0 17.0 71.0 21.0 -1.0 -1.0 -1.0 
47.0 -1.0 97.0 67.0 -1.0 14.0 80.0 54.0 -1.0 97.0 99.0 76.0 -1.0 68.0 -1.0 
30.0 35.0 71.0 -1.0 15.0 24.0 -1.0 13.0 10.0 26.0 35.0 -1.0 -1.0 -1.0 52.0 
-1.0 15.0 89.0 100.0 -1.0 33.0 -1.0 -1.0 -1.0 84.0 -1.0 -1.0 46.0 83.0 -1.0 
23.0 -1.0 -1.0 99.0 69.0 92.0 49.0 11.0 22.0 -1.0 -1.0 65.0 61.0 -1.0 44.0 
-1.0 25.0 100.0 -1.0 -1.0 68.0 -1.0 -1.0 61.0 70.0 66.0 -1.0 98.0 -1.0 28.0 
-1.0 21.0 60.0 73.0 28.0 81.0 -1.0 -1.0 -1.0 93.0 19.0 -1.0 28.0 -1.0 82.0 
88.0 94.0 -1.0 45.0 -1.0 30.0 -1.0 -1.0 67.0 12.0 -1.0 61.0 -1.0 18.0 56.0 
83.0 13.0 16.0 77.0 43.0 -1.0 -1.0 16.0 -1.0 99.0 15.0 -1.0 90.0 31.0 -1.0 
34.0 -1.0 -1.0 -1.0 78.0 -1.0 -1.0 -1.0 -1.0 -1.0 85.0 87.0 -1.0 15.0 26.0 
-1.0 -1.0 41.0 28.0 57.0 42.0 97.0 -1.0 -1.0 27.0 88.0 78.0 42.0 32.0 -1.0 
-1.0 -1.0 34.0 40.0 -1.0 61.0 -1.0 -1.0 -1.0 23.0 -1.0 -1.0 49.0 -1.0 -1.0 
-1.0 73.0 72.0 -1.0 -1.0 42.0 62.0 -1.0 -1.0 59.0 -1.0 56.0 -1.0 -1.0 78.0 
-1.0 80.0 -1.0 99.0 -1.0 -1.0 72.0 88.0 66.0 77.0 -1.0 -1.0 74.0 14.0 100.0 
81.0 -1.0 -1.0 66.0 -1.0 33.0 -1.0 35.0 -1.0 77.0 48.0 -1.0 -1.0 76.0 65.0 
42.0 82.0 21.0 63.0 14.0 -1.0 20.0 86.0 64.0 -1.0 30.0 -1.0 75.0 -1.0 -1.0 
-1.0 -1.0 91.0 -1.0 -1.0 -1.0 92.0 87.0 -1.0 22.0 -1.0 -1.0 -1.0 -1.0 43.0 
61.0 85.0 -1.0 65.0 -1.0 -1.0 -1.0 27.0 -1.0 68.0 -1.0 16.0 -1.0 -1.0 41.0 
-1.0 38.0 43.0 45.0 -1.0 98.0 -1.0 -1.0 50.0 41.0 68.0 54.0 41.0 83.0 -1.0 
78.0 84.0 13.0 -1.0 55.0 -1.0 88.0 89.0 -1.0 47.0 -1.0 55.0 92.0 33.0 -1.0 
74.0 -1.0 88.0 15.0 25.0 -1.0 -1.0 -1.0 76.0 80.0 -1.0 97.0 -1.0 81.0 71.0 
-1.0 -1.0 -1.0 -1.0 -1.0 75.0 44.0 -1.0 -1.0 57.0 84.0 71.0 -1.0 -1.0 -1.0 
22.0 -1.0 -1.0 41.0 57.0 -1.0 -1.0 -1.0 97.0 99.0 35.0 -1.0 -1.0 60.0 -1.0 
78.0 51.0 61.0 -1.0 58.0 -1.0 -1.0 33.0 -1.0 -1.0 -1.0 91.0 59.0 -1.0 -1.0 
78.0 90.0 -1.0 96.0 41.0 -1.0 -1.0 64.0 -1.0 -1.0 10.0 68.0 34.0 54.0 -1.0 
-1.0 94.0 39.0 69.0 40.0 -1.0 25.0 45.0 -1.0 36.0 -1.0 -1.0 63.0 -1.0 52.0 
18.0 -1.0 22.0 -1.0 -1.0 43.0 64.0 45.0 -1.0 91.0 98.0 100.0 96.0 -1.0 52.0 
69.0 50.0 -1.0 99.0 24.0 57.0 10.0 97.0 -1.0 -1.0 57.0 24.0 -1.0 98.0 -1.0 
28.0 -1.0 71.0 88.0 92.0 -1.0 -1.0 48.0 19.0 91.0 -1.0 61.0 -1.0 -1.0 -1.0 
66.0 -1.0 -1.0 -1.0 -1.0 57.0 64.0 -1.0 -1.0 -1.0 -1.0 47.0 37.0 -1.0 -1.0 
31.0 35.0 20.0 -1.0 84.0 -1.0 -1.0 42.0 15.0 -1.0 -1.0 -1.0 48.0 62.0 23.0 
37.0 -1.0 33.0 -1.0 -1.0 100.0 -1.0 -1.0 46.0 92.0 95.0 -1.0 -1.0 75.0 -1.0 
-1.0 -1.0 95.0 57.0 17.0 14.0 -1.0 66.0 -1.0 77.0 -1.0 -1.0 -1.0 51.0 -1.0 
82.0 39.0 79.0 52.0 33.0 -1.0 52.0 -1.0 -1.0 -1.0 -1.0 -1.0 32.0 87.0 -1.0 
-1.0 -1.0 -1.0 12.0 -1.0 -1.0 26.0 -1.0 -1.0 66.0 78.0 -1.0 50.0 46.0 82.0 
-1.0 57.0 86.0 -1.0 17.0 74.0 -1.0 -1.0 75.0 -1.0 -1.0 72.0 -1.0 -1.0 -1.0 
14.0 -1.0 66.0 71.0 -1.0 -1.0 -1.0 -1.0 96.0 76.0 -1.0 19.0 20.0 17.0 23.0 
77.0 -1.0 83.0 -1.0 55.0 -1.0 40.0 -1.0 36.0 -1.0 -1.0 20.0 -1.0 27.0 -1.0 
22.0 -1.0 -1.0 82.0 -1.0 82.0 30.0 83.0 86.0 -1.0 -1.0 11.0 -1.0 -1.0 -1.0 
-1.0 34.0 61.0 91.0 13.0 73.0 -1.0 96.0 -1.0 88.0 -1.0 -1.0 74.0 53.0 62.0 
91.0 -1.0 26.0 -1.0 36.0 -1.0 -1.0 -1.0 -1.0 -1.0 38.0 -1.0 -1.0 13.0 32.0 
-1.0 20.0 -1.0 -1.0 -1.0 62.0 10.0 -1.0 -1.0 -1.0 -1.0 -1.0 -1.0 98.0 49.0 
93.0 23.0 -1.0 -1.0 14.0 55.0 99.0 -1.0 -1.0 71.0 40.0 17.0 50.0 -1.0 14.0 
72.0 -1.0 -1.0 13.0 88.0 -1.0 -1.0 -1.0 -1.0 -1.0 43.0 92.0 -1.0 -1.0 41.0 
26.0 92.0 -1.0 59.0 -1.0 -1.0 -1.0 62.0 -1.0 21.0 -1.0 56.0 -1.0 -1.0 -1.0 
-1.0 65.0 78.0 99.0 66.0 -1.0 -1.0 -1.0 20.0 59.0 31.0 -1.0 -1.0 -1.0 -1.0 
-1.0 89.0 -1.0 79.0 -1.0 39.0 96.0 46.0 10.0 25.0 60.0 -1.0 80.0 -1.0 93.0 
73.0 -1.0 -1.0 -1.0 51.0 -1.0 -1.0 17.0 86.0 85.0 53.0 12.0 29.0 40.0 67.0 
-1.0 45.0 -1.0 -1.0 -1.0 92.0 58.0 33.0 43.0 58.0 -1.0 -1.0 41.0 72.0 41.0 
-1.0 80.0 95.0 -1.0 64.0 63.0 61.0 -1.0 10.0 -1.0 -1.0 97.0 21.0 -1.0 -1.0 
-1.0 -1.0 93.0 20.0 -1.0 -1.0 -1.0 -1.0 88.0 -1.0 80.0 -1.0 -1.0 -1.0 28.0 
-1.0 58.0 -1.0 -1.0 -1.0 13.0 -1.0 85.0 -1.0 52.0 52.0 -1.0 84.0 -1.0 -1.0 
-1.0 -1.0 35.0 65.0 12.0 51.0 -1.0 98.0 76.0 72.0 -1.0 53.0 51.0 -1.0 91.0 
-1.0 -1.0 19.0 -1.0 42.0 -1.0 -1.0 36.0 37.0 -1.0 -1.0 -1.0 99.0 63.0 -1.0 
-1.0 -1.0 -1.0 -1.0 -1.0 63.0 -1.0 -1.0 16.0 48.0 -1.0 -1.0 15.0 -1.0 81.0 
-1.0 59.0 -1.0 78.0 65.0 -1.0 -1.0 -1.0 88.0 63.0 -1.0 -1.0 84.0 -1.0 -1.0 
-1.0 -1.0 52.0 26.0 -1.0 85.0 -1.0 -1.0 65.0 48.0 -1.0 -1.0 26.0 75.0 68.0 
-1.0 33.0 86.0 29.0 -1.0 -1.0 -1.0 -1.0 -1.0 -1.0 45.0 20.0 -1.0 87.0 -1.0 
16.0 92.0 20.0 91.0 -1.0 -1.0 32.0 55.0 -1.0 -1.0 -1.0 -1.0 18.0 -1.0 63.0 
12.0 -1.0 10.0 64.0 -1.0 -1.0 82.0 77.0 83.0 89.0 -1.0 -1.0 -1.0 -1.0 48.0 
-1.0 59.0 70.0 33.0 -1.0 96.0 33.0 77.0 57.0 18.0 25.0 -1.0 -1.0 59.0 -1.0 
63.0 17.0 51.0 -1.0 -1.0 -1.0 -1.0 67.0 62.0 49.0 -1.0 11.0 85.0 -1.0 38.0 
-1.0 -1.0 -1.0 -1.0 46.0 83.0 -1.0 -1.0 78.0 -1.0 -1.0 -1.0 45.0 29.0 -1.0 
-1.0 69.0 -1.0 -1.0 54.0 93.0 61.0 91.0 33.0 40.0 28.0 31.0 13.0 -1.0 -1.0 
-1.0 -1.0 77.0 11.0 -1.0 -1.0 -1.0 98.0 19.0 77.0 82.0 -1.0 -1.0 93.0 -1.0 
-1.0 15.0 -1.0 65.0 52.0 73.0 -1.0 22.0 63.0 46.0 94.0 -1.0 42.0 -1.0 -1.0 
28.0 73.0 84.0 -1.0 -1.0 58.0 -1.0 24.0 72.0 -1.0 93.0 -1.0 -1.0 17.0 -1.0 
57.0 -1.0 -1.0 -1.0 -1.0 10.0 15.0 42.0 -1.0 -1.0 -1.0 75.0 29.0 84.0 79.0 
88.0 -1.0 -1.0 15.0 57.0 44.0 43.0 -1.0 34.0 58.0 -1.0 99.0 22.0 -1.0 82.0 
44.0 27.0 -1.0 -1.0 -1.0 62.0 -1.0 68.0 24.0 -1.0 57.0 77.0 -1.0 28.0 -1.0 
43.0 66.0 27.0 80.0 -1.0 -1.0 -1.0 -1.0 -1.0 99.0 92.0 78.0 55.0 49.0 -1.0 
-1.0 33.0 50.0 84.0 -1.0 47.0 36.0 43.0 -1.0 -1.0 -1.0 -1.0 14.0 -1.0 -1.0 
38.0 -1.0 -1.0 -1.0 -1.0 77.0 11.0 50.0 27.0 19.0 82.0 46.0 -1.0 -1.0 61.0 
-1.0 -1.0 -1.0 -1.0 -1.0 65.0 93.0 -1.0 86.0 96.0 81.0 66.0 -1.0 57.0 89.0 
37.0 -1.0 -1.0 42.0 82.0 15.0 -1.0 -1.0 -1.0 54.0 56.0 -1.0 52.0 74.0 -1.0 
-1.0 76.0 -1.0 38.0 76.0 29.0 55.0 65.0 45.0 39.0 -1.0 -1.0 98.0 -1.0 -1.0 
19.0 -1.0 -1.0 -1.0 -1.0 42.0 11.0 98.0 42.0 97.0 -1.0 86.0 39.0 -1.0 46.0 
-1.0 -1.0 -1.0 -1.0 100.0 -1.0 -1.0 -1.0 60.0 -1.0 87.0 42.0 93.0 89.0 -1.0 
-1.0 -1.0 41.0 -1.0 -1.0 -1.0 72.0 -1.0 -1.0 -1.0 -1.0 -1.0 99.0 60.0 79.0 
-1.0 60.0 -1.0 -1.0 -1.0 83.0 -1.0 -1.0 -1.0 -1.0 -1.0 -1.0 23.0 20.0 87.0 
-1.0 65.0 18.0 85.0 -1.0 -1.0 34.0 40.0 27.0 -1.0 -1.0 97.0 -1.0 -1.0 88.0 
47.0 -1.0 62.0 33.0 -1.0 -1.0 83.0 93.0 -1.0 -1.0 37.0 -1.0 -1.0 -1.0 73.0 
46.0 73.0 -1.0 38.0 -1.0 -1.0 -1.0 36.0 14.0 29.0 -1.0 -1.0 -1.0 30.0 -1.0 
-1.0 82.0 -1.0 -1.0 -1.0 -1.0 -1.0 37.0 -1.0 96.0 -1.0 85.0 -1.0 56.0 -1.0 
-1.0 -1.0 -1.0 -1.0 -1.0 -1.0 -1.0 73.0 76.0 26.0 81.0 37.0 -1.0 -1.0 -1.0 
29.0 17.0 58.0 -1.0 -1.0 75.0 -1.0 90.0 -1.0 25.0 -1.0 93.0 -1.0 -1.0 -1.0 
-1.0 -1.0 100.0 -1.0 -1.0 -1.0 58.0 90.0 78.0 40.0 53.0 62.0 -1.0 66.0 73.0 
81.0 -1.0 -1.0 -1.0 17.0 47.0 -1.0 -1.0 17.0 47.0 -1.0 39.0 -1.0 14.0 -1.0 
-1.0 -1.0 -1.0 16.0 61.0 61.0 63.0 57.0 -1.0 79.0 37.0 18.0 -1.0 -1.0 26.0 
78.0 -1.0 -1.0 91.0 -1.0 90.0 -1.0 45.0 -1.0 23.0 -1.0 -1.0 -1.0 -1.0 61.0 
42.0 38.0 -1.0 29.0 -1.0 62.0 92.0 -1.0 -1.0 -1.0 -1.0 -1.0 -1.0 -1.0 -1.0 
23.0 33.0 -1.0 -1.0 -1.0 34.0 -1.0 49.0 -1.0 -1.0 90.0 -1.0 -1.0 39.0 100.0 
-1.0 -1.0 56.0 53.0 -1.0 -1.0 98.0 59.0 12.0 65.0 -1.0 -1.0 -1.0 -1.0 -1.0 
-1.0 59.0 83.0 18.0 -1.0 100.0 -1.0 61.0 25.0 -1.0 -1.0 -1.0 -1.0 89.0 50.0 
-1.0 19.0 -1.0 37.0 63.0 60.0 97.0 -1.0 -1.0 30.0 68.0 68.0 -1.0 -1.0 -1.0 
49.0 -1.0 64.0 -1.0 -1.0 61.0 12.0 -1.0 20.0 -1.0 -1.0 -1.0 20.0 76.0 -1.0 
28.0 -1.0 39.0 97.0 57.0 -1.0 -1.0 88.0 57.0 82.0 81.0 -1.0 -1.0 -1.0 85.0 
90.0 -1.0 -1.0 65.0 -1.0 -1.0 -1.0 -1.0 96.0 -1.0 -1.0 57.0 64.0 41.0 39.0 
-1.0 46.0 44.0 48.0 -1.0 56.0 -1.0 10.0 -1.0 -1.0 15.0 -1.0 -1.0 77.0 -1.0 
-1.0 53.0 -1.0 98.0 -1.0 18.0 -1.0 77.0 -1.0 -1.0 32.0 92.0 32.0 -1.0 -1.0 
-1.0 87.0 16.0 29.0 -1.0 50.0 -1.0 100.0 -1.0 14.0 56.0 19.0 -1.0 -1.0 -1.0 
78.0 -1.0 -1.0 41.0 -1.0 76.0 97.0 -1.0 26.0 47.0 30.0 27.0 -1.0 -1.0 -1.0 
-1.0 72.0 -1.0 60.0 -1.0 19.0 74.0 -1.0 -1.0 -1.0 70.0 -1.0 -1.0 39.0 20.0 
16.0 -1.0 -1.0 -1.0 -1.0 -1.0 -1.0 90.0 -1.0 -1.0 55.0 33.0 -1.0 94.0 -1.0 
14.0 36.0 -1.0 29.0 -1.0 98.0 -1.0 67.0 48.0 -1.0 100.0 24.0 -1.0 21.0 70.0 
83.0 -1.0 10.0 -1.0 -1.0 61.0 -1.0 65.0 -1.0 -1.0 89.0 25.0 -1.0 28.0 -1.0 
-1.0 -1.0 -1.0 49.0 -1.0 -1.0 97.0 99.0 19.0 -1.0 -1.0 -1.0 59.0 -1.0 76.0 
35.0 -1.0 73.0 41.0 -1.0 65.0 81.0 -1.0 33.0 -1.0 -1.0 56.0 57.0 98.0 -1.0 
-1.0 -1.0 75.0 56.0 -1.0 -1.0 -1.0 -1.0 -1.0 16.0 10.0 -1.0 48.0 85.0 -1.0 
-1.0 -1.0 39.0 -1.0 82.0 41.0 -1.0 70.0 -1.0 -1.0 95.0 37.0 41.0 -1.0 -1.0 
69.0 82.0 -1.0 45.0 51.0 -1.0 -1.0 -1.0 22.0 89.0 -1.0 -1.0 -1.0 79.0 96.0 
-1.0 44.0 -1.0 -1.0 47.0 80.0 -1.0 -1.0 -1.0 14.0 -1.0 59.0 -1.0 53.0 33.0 
66.0 -1.0 -1.0 -1.0 -1.0 -1.0 61.0 48.0 -1.0 49.0 -1.0 -1.0 52.0 -1.0 -1.0 
-1.0 -1.0 -1.0 -1.0 -1.0 -1.0 68.0 -1.0 -1.0 -1.0 -1.0 53.0 94.0 22.0 17.0 
44.0 82.0 59.0 -1.0 -1.0 47.0 -1.0 -1.0 -1.0 -1.0 40.0 -1.0 -1.0 94.0 -1.0 
-1.0 -1.0 -1.0 -1.0 64.0 100.0 73.0 100.0 -1.0 -1.0 99.0 50.0 50.0 -1.0 -1.0 
-1.0 -1.0 13.0 10.0 81.0 50.0 -1.0 15.0 93.0 -1.0 16.0 80.0 -1.0 -1.0 -1.0 
-1.0 66.0 -1.0 51.0 -1.0 -1.0 -1.0 43.0 -1.0 -1.0 -1.0 86.0 -1.0 15.0 -1.0 
17.0 -1.0 -1.0 43.0 16.0 79.0 47.0 81.0 -1.0 43.0 79.0 -1.0 -1.0 -1.0 92.0 
-1.0 -1.0 -1.0 -1.0 70.0 -1.0 71.0 30.0 -1.0 67.0 -1.0 20.0 55.0 -1.0 41.0 
-1.0 -1.0 67.0 -1.0 -1.0 -1.0 54.0 -1.0 23.0 -1.0 -1.0 83.0 -1.0 -1.0 74.0 
46.0 -1.0 82.0 95.0 -1.0 -1.0 42.0 -1.0 -1.0 -1.0 14.0 16.0 -1.0 -1.0 24.0 
-1.0 29.0 19.0 -1.0 23.0 83.0 39.0 36.0 -1.0 -1.0 -1.0 14.0 46.0 52.0 74.0 
92.0 56.0 63.0 -1.0 -1.0 29.0 -1.0 -1.0 94.0 -1.0 -1.0 50.0 -1.0 -1.0 -1.0 
-1.0 -1.0 65.0 -1.0 -1.0 22.0 16.0 -1.0 -1.0 -1.0 25.0 74.0 -1.0 -1.0 23.0 
91.0 61.0 -1.0 -1.0 -1.0 -1.0 40.0 60.0 16.0 16.0 -1.0 -1.0 73.0 64.0 -1.0 
88.0 -1.0 69.0 -1.0 46.0 49.0 -1.0 -1.0 -1.0 -1.0 -1.0 -1.0 44.0 -1.0 -1.0 
63.0 -1.0 90.0 42.0 -1.0 -1.0 94.0 -1.0 82.0 69.0 -1.0 -1.0 40.0 20.0 -1.0 
-1.0 37.0 90.0 89.0 -1.0 37.0 -1.0 -1.0 -1.0 78.0 -1.0 -1.0 -1.0 36.0 -1.0 
-1.0 -1.0 -1.0 51.0 -1.0 -1.0 22.0 -1.0 18.0 12.0 -1.0 87.0 56.0 -1.0 -1.0 
-1.0 -1.0 100.0 -1.0 -1.0 63.0 -1.0 45.0 -1.0 19.0 33.0 23.0 -1.0 42.0 94.0 
36.0 -1.0 -1.0 -1.0 37.0 51.0 -1.0 38.0 69.0 -1.0 68.0 -1.0 -1.0 -1.0 -1.0 
