***n m*** 
30 15 
***h*** 
15 14 7 13 7 6 10 11 9 15 10 13 15 11 14 6 12 12 12 12 11 12 10 6 8 8 10 8 13 12 
***d*** 
1826.75 2354.49 1651.61 2320.76 1667.12 1643.73 249.93 1502.8 997.67 259.38 1486.4 1521.44 1029.04 1795.91 1029.17 1454.34 259.68 1022.44 1770.58 1766.46 2196.31 252.05 250.97 1400.78 992.44 966.54 243.45 244.45 256.02 1015.62 
***M*** 
1 10 11 12 4 2 8 
10 6 8 3 5 
6 4 15 9 5 
7 4 14 1 11 8 2 12 15 
1 14 13 10 7 4 2 11 5 3 
14 5 2 11 9 3 15 13 12 
15 13 5 9 7 11 14 3 
7 15 14 11 12 13 5 
3 15 5 14 10 6 
3 8 6 13 1 14 12 
13 2 6 3 14 12 11 
12 8 5 6 3 15 14 7 
2 12 9 4 1 5 13 3 
10 2 14 15 7 6 5 
4 15 9 1 10 8 
4 1 5 9 11 8 3 10 
9 13 12 15 7 1 6 4 
9 4 7 6 15 
5 14 4 11 10 9 2 15 
5 9 10 3 11 
2 14 5 8 11 15 
11 12 13 15 5 
14 6 2 12 7 8 9 4 1 11 
6 7 13 5 3 
6 1 9 4 15 12 11 5 14 
5 7 8 2 3 15 
10 14 2 6 15 9 8 
5 6 11 9 3 15 13 1 2 
3 15 8 6 9 7 10 13 12 
12 9 5 13 15 
2 6 11 1 4 12 8 15 5 
12 13 3 9 8 
14 1 4 5 15 
6 7 9 5 8 1 4 3 10 
12 10 15 8 14 11 4 1 
5 11 3 1 14 9 4 7 
6 3 1 5 12 8 4 
4 1 8 6 3 15 9 
13 10 8 2 12 7 14 4 5 6 
11 14 15 2 9 13 8 5 
9 15 8 1 7 4 6 
8 6 9 11 12 
4 5 11 3 8 14 9 10 7 
7 12 5 13 1 6 15 8 3 9 
2 5 8 7 3 14 1 9 
10 1 5 4 15 7 14 12 6 3 
13 6 9 4 11 2 
5 2 15 9 3 10 1 
9 2 8 14 7 10 11 3 6 
15 7 5 6 13 
11 12 3 4 2 15 7 6 9 
2 4 7 1 10 13 15 
14 11 12 13 7 4 
1 11 9 10 13 14 6 12 3 4 
15 7 5 10 11 12 1 
5 8 15 3 12 9 2 1 14 
15 4 6 11 5 13 3 2 12 9 
8 14 13 3 6 15 
4 5 2 11 1 
2 4 15 7 8 
2 14 8 9 3 10 15 5 
12 13 14 15 8 10 4 
11 4 8 10 9 
4 2 5 13 12 6 1 14 
2 13 15 5 4 9 7 6 
7 10 9 6 2 15 3 
8 4 12 13 5 14 7 15 
5 6 9 10 14 11 13 4 3 
8 15 4 14 7 11 2 12 5 6 
1 13 14 9 12 8 4 
3 14 15 1 9 13 8 5 11 12 
2 9 5 4 3 13 7 
13 11 2 3 15 7 
8 14 13 4 1 12 
10 6 3 4 9 12 7 13 
7 5 9 1 3 10 
4 6 7 13 3 15 1 5 14 9 
5 7 11 10 13 14 
15 9 7 3 4 11 
14 11 2 10 1 13 
11 13 1 8 7 6 
4 15 1 9 8 6 13 
9 13 15 7 11 14 2 6 3 4 
4 15 10 14 7 5 11 1 12 
5 8 12 4 10 15 6 11 
1 2 3 10 12 13 11 14 4 
12 7 14 15 4 5 13 8 11 6 
9 14 8 2 1 15 4 5 11 10 
1 3 10 7 4 15 2 
13 2 15 11 10 6 4 8 
11 13 14 8 6 5 
3 2 13 12 14 15 11 9 8 
4 11 12 15 8 
9 5 11 12 7 4 2 15 
7 3 10 15 12 6 9 8 4 
1 3 12 14 7 
4 12 11 7 9 10 
6 12 15 11 13 
4 9 12 1 14 13 2 
4 12 6 3 7 9 5 8 1 
1 11 7 15 3 6 13 8 12 
13 9 11 3 15 4 10 8 12 
6 1 2 5 3 11 7 8 9 
11 15 1 6 9 8 7 2 12 10 
11 15 12 10 6 
9 6 10 11 12 5 15 2 1 3 
7 14 3 9 2 4 6 15 
10 14 2 4 15 11 3 
4 3 2 13 1 7 
9 5 3 2 11 13 10 7 1 
5 12 6 14 15 9 4 
8 1 11 3 15 2 13 10 6 
14 1 13 6 10 15 
5 13 2 10 3 14 9 7 4 1 
2 13 1 7 11 6 5 
9 14 4 7 8 15 1 6 
7 15 14 1 4 8 
10 5 4 11 6 3 8 1 15 
12 7 1 6 11 2 8 10 4 13 
12 9 7 2 14 13 3 10 6 
8 10 4 11 9 1 
11 5 15 6 14 8 3 9 2 
13 6 8 14 3 
13 4 7 10 11 2 
10 9 12 15 7 8 4 6 3 
15 3 7 6 5 2 4 13 14 1 
5 9 3 12 7 
12 13 5 14 7 1 
9 8 7 1 12 4 11 2 6 5 
14 3 2 8 12 4 6 
4 13 15 12 11 1 10 9 
9 14 1 12 8 
15 6 9 7 11 1 
12 10 14 4 8 9 7 
13 15 7 8 5 2 3 14 4 
4 14 13 8 12 
11 9 5 15 1 4 
2 14 1 7 11 8 3 4 15 
12 4 10 11 14 2 13 8 1 
9 14 13 15 2 8 11 5 3 7 
4 12 8 6 3 1 13 5 15 7 
1 2 7 13 15 9 10 8 
7 6 12 15 14 10 
9 1 14 6 10 
6 4 9 12 10 2 8 15 3 
10 5 6 1 15 2 7 3 
12 6 3 13 1 5 10 2 9 15 
4 9 6 7 3 5 10 1 
6 13 8 4 12 15 10 14 5 
9 4 1 3 7 
13 14 10 4 7 1 15 6 12 
3 12 6 13 7 5 15 2 
15 11 3 6 7 10 8 
7 9 13 4 15 
3 14 8 12 15 
5 13 8 1 10 
7 12 6 1 9 
8 5 3 1 6 4 10 12 
12 14 3 5 13 11 10 9 1 
6 13 1 7 15 11 10 
5 11 15 8 14 
11 1 12 5 7 8 14 10 
14 4 11 12 8 3 9 6 2 7 
4 13 5 8 9 
9 7 6 14 3 13 
4 10 2 9 15 
1 12 13 9 2 7 11 3 
10 13 11 12 7 15 3 5 9 8 
6 4 7 1 10 5 12 15 13 
9 1 14 5 12 
9 2 12 5 1 11 3 15 10 7 
4 15 1 7 12 
7 12 11 14 6 3 15 
6 11 4 12 10 7 5 13 
4 7 6 12 14 10 
15 10 7 13 1 3 9 11 
15 11 10 3 14 4 1 
6 14 9 3 5 2 10 15 
10 8 7 13 5 
10 1 9 15 7 
4 13 5 8 11 
3 1 12 14 11 4 
8 1 4 10 11 14 5 13 12 
9 6 12 14 8 2 10 11 13 1 
11 14 12 1 6 
13 1 2 11 12 5 9 14 7 
13 5 9 11 2 6 8 14 
7 10 15 1 11 13 9 3 14 
4 14 5 12 13 15 10 
5 1 13 7 9 15 4 
15 5 6 14 1 11 4 3 
4 9 6 11 13 14 
15 11 9 2 1 7 10 5 14 8 
5 8 11 2 4 3 
9 15 1 2 10 13 6 5 8 
12 8 1 5 2 6 3 
14 3 10 13 6 
10 8 5 4 15 14 7 2 13 6 
3 15 1 11 6 10 
6 11 8 3 2 13 1 10 14 
11 6 9 3 7 2 
1 5 13 3 12 4 11 10 8 
5 12 4 6 8 7 15 11 
2 8 7 10 15 14 12 9 
5 3 8 4 7 
10 12 11 3 2 7 15 1 
8 13 15 3 1 11 4 2 9 5 
7 15 11 6 3 12 5 
15 4 11 6 1 3 10 
15 1 5 4 3 
13 5 3 10 1 
5 15 9 2 1 13 8 12 10 7 
5 6 7 4 11 3 
14 13 6 7 4 8 15 11 5 1 
12 1 15 14 13 5 11 10 4 
15 8 12 3 6 13 11 14 9 5 
4 6 2 10 14 
4 10 14 9 7 1 15 2 12 6 
11 14 6 1 10 
4 10 15 3 9 8 7 5 
10 8 13 1 7 5 9 15 
2 9 15 1 8 14 4 7 
15 4 6 14 12 11 
12 6 3 14 1 9 4 15 10 11 
7 13 12 5 3 6 10 1 14 
9 11 5 6 15 13 7 12 
15 12 1 2 11 13 9 4 7 8 
7 2 4 1 6 14 8 
14 13 7 6 3 8 5 4 
6 15 3 2 9 11 13 4 
13 7 8 15 3 
14 7 2 5 9 4 
11 8 1 12 15 10 14 6 4 
5 4 13 15 9 7 12 11 3 
5 14 2 8 10 4 3 13 
8 4 13 15 10 
9 15 7 5 11 
2 8 6 5 3 
8 4 11 10 5 14 7 1 9 
4 15 5 3 2 11 10 1 
1 5 9 3 10 14 4 
8 12 14 11 2 9 
4 15 11 6 12 
11 6 13 9 3 14 4 7 10 
14 6 7 8 1 2 
8 10 13 4 1 9 15 2 6 
13 12 7 15 11 4 9 8 3 
4 5 8 13 3 11 
10 11 15 6 14 
14 11 4 5 15 13 9 3 1 8 
11 15 13 9 5 1 10 4 
9 2 5 3 4 10 
7 8 12 9 3 1 15 14 4 2 
5 6 7 9 3 
5 4 13 2 8 11 9 1 
15 13 10 2 12 4 9 
8 15 10 13 7 9 
5 12 11 14 9 7 1 13 4 
11 7 13 4 12 8 15 9 3 
14 13 1 4 11 10 7 
15 10 7 11 6 1 3 
1 10 15 7 11 
5 4 14 2 10 15 11 6 1 
2 8 5 3 15 14 11 4 9 
15 4 5 10 13 2 3 9 8 
10 7 2 15 11 4 13 8 14 6 
8 13 6 5 15 4 3 
7 6 3 5 2 10 11 8 9 
10 4 3 6 12 
2 7 5 15 4 
3 13 1 14 11 15 9 6 10 
5 6 8 2 9 13 7 11 
15 13 5 4 8 14 12 1 10 9 
5 11 4 12 13 2 15 14 6 9 
5 1 6 7 8 
2 10 5 13 6 7 8 11 
13 12 6 1 8 7 9 15 10 
6 1 10 15 8 
1 6 10 7 11 5 13 3 4 15 
13 5 7 12 2 11 6 15 
6 14 2 1 4 8 
5 2 15 3 4 8 6 10 1 11 
15 14 9 11 4 12 1 10 
13 14 5 10 3 11 7 4 
12 4 2 10 14 11 6 3 9 1 
3 1 6 2 8 14 7 
7 14 3 2 12 8 
7 4 5 11 14 15 1 
2 3 8 9 1 5 13 4 7 14 
13 2 8 4 3 15 6 10 1 
13 2 15 10 8 9 
6 7 12 9 8 11 14 5 
12 5 2 6 11 10 9 13 3 15 
4 11 10 15 6 5 13 8 7 
2 6 1 15 14 13 7 8 
1 11 3 14 6 
15 11 9 13 8 14 12 5 
6 14 9 7 2 
7 6 10 5 2 
10 4 2 9 11 
3 11 5 12 4 15 14 8 1 9 
4 6 8 12 3 15 13 
3 4 9 8 2 10 5 7 
13 9 7 8 1 6 
8 10 13 1 9 
11 15 9 10 12 1 4 2 
11 13 6 12 2 9 1 15 7 
12 10 1 4 3 14 8 
8 3 2 5 14 15 4 
12 15 11 3 13 
14 2 10 8 7 4 3 9 12 6 
5 9 13 6 3 
12 13 1 7 11 10 3 9 4 15 
1 15 5 13 9 3 7 6 12 
15 9 6 1 7 8 10 11 13 5 
6 8 7 4 11 2 5 12 
3 1 7 9 8 5 15 4 
10 12 2 9 11 6 
13 15 14 1 3 6 
10 13 8 2 12 15 5 14 1 3 
12 9 2 1 11 15 7 13 4 8 
7 8 5 4 10 3 9 11 6 14 
***P*** 
43.0 49.0 -1.0 48.0 -1.0 -1.0 -1.0 66.0 -1.0 17.0 94.0 93.0 -1.0 -1.0 -1.0 
-1.0 -1.0 45.0 -1.0 89.0 67.0 -1.0 16.0 -1.0 39.0 -1.0 -1.0 -1.0 -1.0 -1.0 
-1.0 -1.0 -1.0 73.0 85.0 15.0 -1.0 -1.0 65.0 -1.0 -1.0 -1.0 -1.0 -1.0 84.0 
36.0 67.0 -1.0 32.0 -1.0 -1.0 77.0 52.0 -1.0 -1.0 29.0 51.0 -1.0 18.0 66.0 
53.0 50.0 73.0 73.0 57.0 -1.0 56.0 -1.0 -1.0 14.0 70.0 -1.0 74.0 12.0 -1.0 
-1.0 54.0 11.0 -1.0 35.0 -1.0 -1.0 -1.0 73.0 -1.0 79.0 23.0 53.0 81.0 43.0 
-1.0 -1.0 45.0 -1.0 17.0 -1.0 43.0 -1.0 96.0 -1.0 15.0 -1.0 87.0 41.0 66.0 
-1.0 -1.0 -1.0 -1.0 37.0 -1.0 40.0 -1.0 -1.0 -1.0 71.0 94.0 82.0 54.0 42.0 
-1.0 -1.0 97.0 -1.0 65.0 77.0 -1.0 -1.0 -1.0 13.0 -1.0 -1.0 -1.0 20.0 17.0 
69.0 -1.0 79.0 -1.0 -1.0 31.0 -1.0 23.0 -1.0 -1.0 -1.0 65.0 18.0 88.0 -1.0 
-1.0 77.0 70.0 -1.0 -1.0 60.0 -1.0 -1.0 -1.0 -1.0 22.0 52.0 74.0 75.0 -1.0 
-1.0 -1.0 31.0 -1.0 91.0 91.0 85.0 94.0 -1.0 -1.0 -1.0 66.0 -1.0 17.0 32.0 
86.0 32.0 97.0 56.0 43.0 -1.0 -1.0 -1.0 85.0 -1.0 -1.0 72.0 60.0 -1.0 -1.0 
-1.0 26.0 -1.0 -1.0 39.0 50.0 53.0 -1.0 -1.0 43.0 -1.0 -1.0 -1.0 76.0 11.0 
59.0 -1.0 -1.0 91.0 -1.0 -1.0 -1.0 30.0 47.0 92.0 -1.0 -1.0 -1.0 -1.0 10.0 
92.0 -1.0 41.0 91.0 15.0 -1.0 -1.0 86.0 17.0 66.0 88.0 -1.0 -1.0 -1.0 -1.0 
91.0 -1.0 -1.0 62.0 -1.0 60.0 83.0 -1.0 88.0 -1.0 -1.0 84.0 59.0 -1.0 43.0 
-1.0 -1.0 -1.0 70.0 -1.0 51.0 32.0 -1.0 36.0 -1.0 -1.0 -1.0 -1.0 -1.0 44.0 
-1.0 17.0 -1.0 33.0 56.0 -1.0 -1.0 -1.0 17.0 98.0 86.0 -1.0 -1.0 74.0 69.0 
-1.0 -1.0 22.0 -1.0 14.0 -1.0 -1.0 -1.0 53.0 74.0 78.0 -1.0 -1.0 -1.0 -1.0 
-1.0 46.0 -1.0 -1.0 93.0 -1.0 -1.0 41.0 -1.0 -1.0 91.0 -1.0 -1.0 27.0 55.0 
-1.0 -1.0 -1.0 -1.0 17.0 -1.0 -1.0 -1.0 -1.0 -1.0 71.0 43.0 67.0 -1.0 10.0 
99.0 42.0 -1.0 34.0 -1.0 25.0 26.0 88.0 59.0 -1.0 77.0 85.0 -1.0 28.0 -1.0 
-1.0 -1.0 97.0 -1.0 69.0 50.0 51.0 -1.0 -1.0 -1.0 -1.0 -1.0 64.0 -1.0 -1.0 
75.0 -1.0 -1.0 23.0 73.0 55.0 -1.0 -1.0 59.0 -1.0 87.0 23.0 -1.0 39.0 16.0 
-1.0 28.0 73.0 -1.0 17.0 -1.0 68.0 41.0 -1.0 -1.0 -1.0 -1.0 -1.0 -1.0 68.0 
-1.0 29.0 -1.0 -1.0 -1.0 51.0 -1.0 39.0 89.0 26.0 -1.0 -1.0 -1.0 20.0 93.0 
90.0 84.0 43.0 -1.0 22.0 100.0 -1.0 -1.0 77.0 -1.0 54.0 -1.0 13.0 -1.0 36.0 
-1.0 -1.0 69.0 -1.0 -1.0 56.0 12.0 81.0 36.0 12.0 -1.0 39.0 33.0 -1.0 83.0 
-1.0 -1.0 -1.0 -1.0 71.0 -1.0 -1.0 -1.0 54.0 -1.0 -1.0 64.0 91.0 -1.0 57.0 
86.0 61.0 -1.0 63.0 75.0 96.0 -1.0 71.0 -1.0 -1.0 19.0 44.0 -1.0 -1.0 15.0 
-1.0 -1.0 17.0 -1.0 -1.0 -1.0 -1.0 68.0 80.0 -1.0 -1.0 17.0 96.0 -1.0 -1.0 
55.0 -1.0 -1.0 41.0 22.0 -1.0 -1.0 -1.0 -1.0 -1.0 -1.0 -1.0 -1.0 72.0 45.0 
53.0 -1.0 60.0 16.0 81.0 69.0 87.0 97.0 92.0 64.0 -1.0 -1.0 -1.0 -1.0 -1.0 
13.0 -1.0 -1.0 48.0 -1.0 -1.0 -1.0 44.0 -1.0 59.0 77.0 74.0 -1.0 64.0 91.0 
76.0 -1.0 73.0 46.0 66.0 -1.0 92.0 -1.0 13.0 -1.0 41.0 -1.0 -1.0 78.0 -1.0 
38.0 -1.0 58.0 70.0 81.0 81.0 -1.0 23.0 -1.0 -1.0 -1.0 48.0 -1.0 -1.0 -1.0 
16.0 -1.0 17.0 64.0 -1.0 86.0 -1.0 59.0 35.0 -1.0 -1.0 -1.0 -1.0 -1.0 24.0 
-1.0 89.0 -1.0 86.0 65.0 44.0 62.0 45.0 -1.0 77.0 -1.0 56.0 38.0 61.0 -1.0 
-1.0 22.0 -1.0 -1.0 71.0 -1.0 -1.0 24.0 100.0 -1.0 51.0 -1.0 57.0 15.0 29.0 
34.0 -1.0 -1.0 83.0 -1.0 51.0 65.0 61.0 98.0 -1.0 -1.0 -1.0 -1.0 -1.0 49.0 
-1.0 -1.0 -1.0 -1.0 -1.0 53.0 -1.0 25.0 55.0 -1.0 31.0 72.0 -1.0 -1.0 -1.0 
-1.0 -1.0 78.0 97.0 21.0 -1.0 85.0 60.0 96.0 28.0 69.0 -1.0 -1.0 62.0 -1.0 
98.0 -1.0 82.0 -1.0 53.0 83.0 76.0 57.0 17.0 -1.0 -1.0 61.0 15.0 -1.0 45.0 
57.0 10.0 82.0 -1.0 66.0 -1.0 39.0 39.0 33.0 -1.0 -1.0 -1.0 -1.0 100.0 -1.0 
76.0 -1.0 53.0 84.0 100.0 51.0 81.0 -1.0 -1.0 84.0 -1.0 16.0 -1.0 39.0 12.0 
-1.0 85.0 -1.0 28.0 -1.0 72.0 -1.0 -1.0 86.0 -1.0 18.0 -1.0 34.0 -1.0 -1.0 
57.0 70.0 70.0 -1.0 83.0 -1.0 -1.0 -1.0 32.0 45.0 -1.0 -1.0 -1.0 -1.0 21.0 
-1.0 73.0 79.0 -1.0 -1.0 55.0 96.0 67.0 93.0 73.0 73.0 -1.0 -1.0 86.0 -1.0 
-1.0 -1.0 -1.0 -1.0 38.0 81.0 75.0 -1.0 -1.0 -1.0 -1.0 -1.0 56.0 -1.0 38.0 
-1.0 21.0 19.0 92.0 -1.0 24.0 91.0 -1.0 41.0 -1.0 36.0 66.0 -1.0 -1.0 90.0 
61.0 47.0 -1.0 25.0 -1.0 -1.0 28.0 -1.0 -1.0 79.0 -1.0 -1.0 11.0 -1.0 23.0 
-1.0 -1.0 -1.0 32.0 -1.0 -1.0 53.0 -1.0 -1.0 -1.0 86.0 75.0 39.0 97.0 -1.0 
98.0 -1.0 45.0 60.0 -1.0 44.0 -1.0 -1.0 57.0 10.0 60.0 87.0 52.0 33.0 -1.0 
89.0 -1.0 -1.0 -1.0 26.0 -1.0 91.0 -1.0 -1.0 41.0 89.0 83.0 -1.0 -1.0 58.0 
89.0 62.0 86.0 -1.0 59.0 -1.0 -1.0 58.0 39.0 -1.0 -1.0 71.0 -1.0 55.0 14.0 
-1.0 98.0 33.0 17.0 91.0 55.0 -1.0 -1.0 77.0 -1.0 22.0 35.0 99.0 -1.0 92.0 
-1.0 -1.0 64.0 -1.0 -1.0 46.0 -1.0 53.0 -1.0 -1.0 -1.0 -1.0 52.0 52.0 38.0 
48.0 18.0 -1.0 24.0 26.0 -1.0 -1.0 -1.0 -1.0 -1.0 79.0 -1.0 -1.0 -1.0 -1.0 
-1.0 78.0 -1.0 38.0 -1.0 -1.0 63.0 90.0 -1.0 -1.0 -1.0 -1.0 -1.0 -1.0 74.0 
-1.0 94.0 51.0 -1.0 51.0 -1.0 -1.0 12.0 21.0 56.0 -1.0 -1.0 -1.0 17.0 58.0 
-1.0 -1.0 -1.0 92.0 -1.0 -1.0 -1.0 91.0 -1.0 42.0 -1.0 43.0 40.0 77.0 31.0 
-1.0 -1.0 -1.0 27.0 -1.0 -1.0 -1.0 53.0 24.0 74.0 10.0 -1.0 -1.0 -1.0 -1.0 
15.0 80.0 -1.0 31.0 45.0 55.0 -1.0 -1.0 -1.0 -1.0 -1.0 29.0 69.0 28.0 -1.0 
-1.0 67.0 -1.0 59.0 46.0 87.0 73.0 -1.0 42.0 -1.0 -1.0 -1.0 50.0 -1.0 61.0 
-1.0 80.0 39.0 -1.0 -1.0 66.0 36.0 -1.0 61.0 39.0 -1.0 -1.0 -1.0 -1.0 52.0 
-1.0 -1.0 -1.0 45.0 32.0 -1.0 10.0 51.0 -1.0 -1.0 -1.0 28.0 96.0 75.0 31.0 
-1.0 -1.0 69.0 66.0 90.0 41.0 -1.0 -1.0 60.0 16.0 50.0 -1.0 18.0 19.0 -1.0 
-1.0 85.0 -1.0 41.0 42.0 58.0 100.0 93.0 -1.0 -1.0 49.0 69.0 -1.0 82.0 94.0 
63.0 -1.0 -1.0 80.0 -1.0 -1.0 -1.0 93.0 97.0 -1.0 -1.0 62.0 58.0 48.0 -1.0 
40.0 -1.0 63.0 -1.0 13.0 -1.0 -1.0 56.0 94.0 -1.0 26.0 69.0 26.0 90.0 94.0 
-1.0 80.0 87.0 67.0 36.0 -1.0 62.0 -1.0 54.0 -1.0 -1.0 -1.0 17.0 -1.0 -1.0 
-1.0 86.0 11.0 -1.0 -1.0 -1.0 67.0 -1.0 -1.0 -1.0 18.0 -1.0 17.0 -1.0 85.0 
65.0 -1.0 -1.0 64.0 -1.0 -1.0 -1.0 37.0 -1.0 -1.0 -1.0 71.0 39.0 74.0 -1.0 
-1.0 -1.0 15.0 43.0 -1.0 63.0 36.0 -1.0 47.0 11.0 -1.0 51.0 76.0 -1.0 -1.0 
10.0 -1.0 83.0 -1.0 74.0 -1.0 84.0 -1.0 78.0 51.0 -1.0 -1.0 -1.0 -1.0 -1.0 
79.0 -1.0 77.0 100.0 93.0 51.0 70.0 -1.0 33.0 -1.0 -1.0 -1.0 92.0 16.0 70.0 
-1.0 -1.0 -1.0 -1.0 39.0 -1.0 29.0 -1.0 -1.0 66.0 56.0 -1.0 49.0 46.0 -1.0 
-1.0 -1.0 38.0 75.0 -1.0 -1.0 75.0 -1.0 75.0 -1.0 26.0 -1.0 -1.0 -1.0 84.0 
31.0 82.0 -1.0 -1.0 -1.0 -1.0 -1.0 -1.0 -1.0 91.0 30.0 -1.0 56.0 95.0 -1.0 
83.0 -1.0 -1.0 -1.0 -1.0 19.0 81.0 39.0 -1.0 -1.0 41.0 -1.0 83.0 -1.0 -1.0 
71.0 -1.0 -1.0 13.0 -1.0 87.0 -1.0 91.0 31.0 -1.0 -1.0 -1.0 62.0 -1.0 13.0 
-1.0 33.0 63.0 74.0 -1.0 92.0 40.0 -1.0 23.0 -1.0 64.0 -1.0 96.0 98.0 38.0 
59.0 -1.0 -1.0 44.0 65.0 -1.0 24.0 -1.0 -1.0 67.0 32.0 42.0 -1.0 15.0 52.0 
-1.0 -1.0 -1.0 46.0 65.0 13.0 -1.0 34.0 -1.0 66.0 11.0 58.0 -1.0 -1.0 89.0 
13.0 79.0 71.0 57.0 -1.0 -1.0 -1.0 -1.0 -1.0 38.0 15.0 66.0 79.0 70.0 -1.0 
-1.0 -1.0 -1.0 75.0 24.0 67.0 77.0 43.0 -1.0 -1.0 20.0 76.0 84.0 98.0 57.0 
93.0 41.0 -1.0 50.0 16.0 -1.0 -1.0 81.0 69.0 59.0 45.0 -1.0 -1.0 53.0 45.0 
76.0 74.0 12.0 87.0 -1.0 -1.0 95.0 -1.0 -1.0 76.0 -1.0 -1.0 -1.0 -1.0 23.0 
-1.0 83.0 -1.0 16.0 -1.0 75.0 -1.0 87.0 -1.0 99.0 19.0 -1.0 26.0 -1.0 27.0 
-1.0 -1.0 -1.0 -1.0 82.0 15.0 -1.0 25.0 -1.0 -1.0 86.0 -1.0 79.0 22.0 -1.0 
-1.0 52.0 38.0 -1.0 -1.0 -1.0 -1.0 61.0 16.0 -1.0 88.0 12.0 83.0 66.0 51.0 
-1.0 -1.0 -1.0 18.0 -1.0 -1.0 -1.0 48.0 -1.0 -1.0 28.0 13.0 -1.0 -1.0 30.0 
-1.0 54.0 -1.0 87.0 54.0 -1.0 73.0 -1.0 71.0 -1.0 21.0 62.0 -1.0 -1.0 35.0 
-1.0 -1.0 24.0 96.0 -1.0 35.0 92.0 49.0 56.0 53.0 -1.0 77.0 -1.0 -1.0 70.0 
57.0 -1.0 52.0 -1.0 -1.0 -1.0 17.0 -1.0 -1.0 -1.0 -1.0 62.0 -1.0 83.0 -1.0 
-1.0 -1.0 -1.0 48.0 -1.0 -1.0 92.0 -1.0 54.0 95.0 10.0 10.0 -1.0 -1.0 -1.0 
-1.0 -1.0 -1.0 -1.0 -1.0 26.0 -1.0 -1.0 -1.0 -1.0 95.0 50.0 38.0 -1.0 72.0 
55.0 88.0 -1.0 69.0 -1.0 -1.0 -1.0 -1.0 97.0 -1.0 -1.0 83.0 48.0 48.0 -1.0 
93.0 -1.0 40.0 56.0 30.0 31.0 49.0 23.0 16.0 -1.0 -1.0 29.0 -1.0 -1.0 -1.0 
49.0 -1.0 18.0 -1.0 -1.0 77.0 83.0 24.0 -1.0 -1.0 12.0 12.0 14.0 -1.0 32.0 
-1.0 -1.0 68.0 75.0 -1.0 -1.0 -1.0 83.0 69.0 17.0 52.0 55.0 12.0 -1.0 43.0 
60.0 20.0 56.0 -1.0 13.0 58.0 77.0 78.0 27.0 -1.0 42.0 -1.0 -1.0 -1.0 -1.0 
17.0 69.0 -1.0 -1.0 -1.0 35.0 37.0 87.0 10.0 36.0 65.0 64.0 -1.0 -1.0 80.0 
-1.0 -1.0 -1.0 -1.0 -1.0 69.0 -1.0 -1.0 -1.0 39.0 82.0 12.0 -1.0 -1.0 100.0 
37.0 34.0 38.0 -1.0 74.0 28.0 -1.0 -1.0 95.0 73.0 62.0 14.0 -1.0 -1.0 80.0 
-1.0 90.0 51.0 81.0 -1.0 40.0 97.0 -1.0 82.0 -1.0 -1.0 -1.0 -1.0 15.0 23.0 
-1.0 79.0 67.0 25.0 -1.0 -1.0 -1.0 -1.0 -1.0 49.0 46.0 -1.0 -1.0 18.0 61.0 
12.0 35.0 54.0 65.0 -1.0 -1.0 68.0 -1.0 -1.0 -1.0 -1.0 -1.0 13.0 -1.0 -1.0 
69.0 29.0 94.0 -1.0 67.0 -1.0 92.0 -1.0 59.0 28.0 32.0 -1.0 82.0 -1.0 -1.0 
-1.0 -1.0 -1.0 50.0 32.0 70.0 -1.0 -1.0 40.0 -1.0 -1.0 76.0 -1.0 35.0 57.0 
21.0 77.0 33.0 -1.0 -1.0 99.0 -1.0 93.0 -1.0 99.0 26.0 -1.0 36.0 -1.0 30.0 
74.0 -1.0 -1.0 -1.0 -1.0 35.0 -1.0 -1.0 -1.0 42.0 -1.0 -1.0 49.0 82.0 20.0 
63.0 49.0 42.0 47.0 34.0 -1.0 30.0 -1.0 45.0 43.0 -1.0 -1.0 95.0 88.0 -1.0 
49.0 30.0 -1.0 -1.0 99.0 47.0 70.0 -1.0 -1.0 -1.0 20.0 -1.0 58.0 -1.0 -1.0 
31.0 -1.0 -1.0 15.0 -1.0 19.0 55.0 12.0 100.0 -1.0 -1.0 -1.0 -1.0 19.0 27.0 
44.0 -1.0 -1.0 100.0 -1.0 -1.0 31.0 19.0 -1.0 -1.0 -1.0 -1.0 -1.0 63.0 28.0 
23.0 -1.0 30.0 11.0 37.0 46.0 -1.0 51.0 -1.0 10.0 69.0 -1.0 -1.0 -1.0 30.0 
91.0 36.0 -1.0 22.0 -1.0 99.0 18.0 10.0 -1.0 75.0 52.0 19.0 77.0 -1.0 -1.0 
-1.0 92.0 98.0 -1.0 -1.0 66.0 50.0 -1.0 57.0 49.0 -1.0 41.0 49.0 89.0 -1.0 
48.0 -1.0 -1.0 62.0 -1.0 -1.0 -1.0 84.0 59.0 58.0 19.0 -1.0 -1.0 -1.0 -1.0 
-1.0 88.0 30.0 -1.0 58.0 22.0 -1.0 86.0 50.0 -1.0 38.0 -1.0 -1.0 38.0 93.0 
-1.0 -1.0 43.0 -1.0 -1.0 92.0 -1.0 98.0 -1.0 -1.0 -1.0 -1.0 62.0 80.0 -1.0 
-1.0 65.0 -1.0 81.0 -1.0 -1.0 54.0 -1.0 -1.0 45.0 68.0 -1.0 71.0 -1.0 -1.0 
-1.0 -1.0 85.0 74.0 -1.0 39.0 75.0 36.0 10.0 99.0 -1.0 41.0 -1.0 -1.0 16.0 
33.0 70.0 99.0 14.0 43.0 62.0 83.0 -1.0 -1.0 -1.0 -1.0 -1.0 18.0 80.0 38.0 
-1.0 -1.0 14.0 -1.0 50.0 -1.0 41.0 -1.0 26.0 -1.0 -1.0 67.0 -1.0 -1.0 -1.0 
94.0 -1.0 -1.0 -1.0 33.0 -1.0 45.0 -1.0 -1.0 -1.0 -1.0 39.0 72.0 18.0 -1.0 
50.0 71.0 -1.0 14.0 21.0 63.0 92.0 78.0 41.0 -1.0 21.0 60.0 -1.0 -1.0 -1.0 
-1.0 88.0 64.0 27.0 -1.0 90.0 -1.0 59.0 -1.0 -1.0 -1.0 90.0 -1.0 66.0 -1.0 
28.0 -1.0 -1.0 78.0 -1.0 -1.0 -1.0 -1.0 78.0 95.0 40.0 70.0 12.0 -1.0 74.0 
14.0 -1.0 -1.0 -1.0 -1.0 -1.0 -1.0 69.0 87.0 -1.0 -1.0 69.0 -1.0 47.0 -1.0 
14.0 -1.0 -1.0 -1.0 -1.0 87.0 20.0 -1.0 85.0 -1.0 90.0 -1.0 -1.0 -1.0 73.0 
-1.0 -1.0 -1.0 65.0 -1.0 -1.0 36.0 24.0 59.0 50.0 -1.0 37.0 -1.0 85.0 -1.0 
-1.0 43.0 46.0 63.0 84.0 -1.0 50.0 93.0 -1.0 -1.0 -1.0 -1.0 53.0 90.0 83.0 
-1.0 -1.0 -1.0 30.0 -1.0 -1.0 -1.0 65.0 -1.0 -1.0 -1.0 80.0 34.0 59.0 -1.0 
43.0 -1.0 -1.0 43.0 53.0 -1.0 -1.0 -1.0 32.0 -1.0 54.0 -1.0 -1.0 -1.0 55.0 
98.0 61.0 86.0 20.0 -1.0 -1.0 66.0 18.0 -1.0 -1.0 68.0 -1.0 -1.0 33.0 68.0 
13.0 95.0 -1.0 38.0 -1.0 -1.0 -1.0 78.0 -1.0 92.0 81.0 37.0 89.0 52.0 -1.0 
-1.0 15.0 23.0 -1.0 64.0 -1.0 44.0 62.0 40.0 -1.0 39.0 -1.0 51.0 99.0 35.0 
97.0 -1.0 48.0 71.0 11.0 71.0 26.0 44.0 -1.0 -1.0 -1.0 38.0 66.0 -1.0 89.0 
79.0 60.0 -1.0 -1.0 -1.0 -1.0 27.0 84.0 11.0 30.0 -1.0 -1.0 71.0 -1.0 20.0 
-1.0 -1.0 -1.0 -1.0 -1.0 20.0 21.0 -1.0 -1.0 30.0 -1.0 18.0 -1.0 38.0 83.0 
88.0 -1.0 -1.0 -1.0 -1.0 41.0 -1.0 -1.0 91.0 51.0 -1.0 -1.0 -1.0 13.0 -1.0 
-1.0 89.0 79.0 55.0 -1.0 82.0 -1.0 62.0 53.0 16.0 -1.0 90.0 -1.0 -1.0 74.0 
35.0 13.0 31.0 -1.0 12.0 62.0 52.0 -1.0 -1.0 61.0 -1.0 -1.0 -1.0 -1.0 35.0 
57.0 86.0 65.0 -1.0 50.0 27.0 -1.0 -1.0 34.0 26.0 -1.0 96.0 18.0 -1.0 100.0 
80.0 -1.0 27.0 42.0 49.0 64.0 12.0 -1.0 85.0 36.0 -1.0 -1.0 -1.0 -1.0 -1.0 
-1.0 -1.0 -1.0 43.0 56.0 18.0 -1.0 94.0 -1.0 77.0 -1.0 79.0 19.0 33.0 69.0 
74.0 -1.0 36.0 34.0 -1.0 -1.0 45.0 -1.0 70.0 -1.0 -1.0 -1.0 -1.0 -1.0 -1.0 
58.0 -1.0 -1.0 65.0 -1.0 47.0 90.0 -1.0 -1.0 76.0 -1.0 83.0 28.0 39.0 86.0 
-1.0 97.0 27.0 -1.0 80.0 25.0 20.0 -1.0 -1.0 -1.0 -1.0 55.0 41.0 -1.0 92.0 
-1.0 -1.0 47.0 -1.0 -1.0 25.0 86.0 35.0 -1.0 68.0 60.0 -1.0 -1.0 -1.0 87.0 
-1.0 -1.0 -1.0 84.0 -1.0 -1.0 91.0 -1.0 46.0 -1.0 -1.0 -1.0 86.0 -1.0 27.0 
-1.0 -1.0 89.0 -1.0 -1.0 -1.0 -1.0 76.0 -1.0 -1.0 -1.0 20.0 -1.0 54.0 52.0 
28.0 -1.0 -1.0 -1.0 74.0 -1.0 -1.0 79.0 -1.0 19.0 -1.0 -1.0 86.0 -1.0 -1.0 
53.0 -1.0 -1.0 -1.0 -1.0 85.0 100.0 -1.0 26.0 -1.0 -1.0 21.0 -1.0 -1.0 -1.0 
42.0 -1.0 92.0 74.0 65.0 27.0 -1.0 34.0 -1.0 37.0 -1.0 94.0 -1.0 -1.0 -1.0 
28.0 -1.0 76.0 -1.0 18.0 -1.0 -1.0 -1.0 38.0 77.0 10.0 77.0 85.0 28.0 -1.0 
30.0 -1.0 -1.0 -1.0 -1.0 62.0 93.0 -1.0 -1.0 95.0 46.0 -1.0 90.0 -1.0 42.0 
-1.0 -1.0 -1.0 -1.0 53.0 -1.0 -1.0 36.0 -1.0 -1.0 56.0 -1.0 -1.0 54.0 22.0 
44.0 -1.0 -1.0 -1.0 56.0 -1.0 88.0 29.0 -1.0 29.0 30.0 16.0 -1.0 48.0 -1.0 
-1.0 70.0 86.0 61.0 -1.0 59.0 79.0 60.0 81.0 -1.0 38.0 48.0 -1.0 95.0 -1.0 
-1.0 -1.0 -1.0 24.0 47.0 -1.0 -1.0 93.0 65.0 -1.0 -1.0 -1.0 50.0 -1.0 -1.0 
-1.0 -1.0 79.0 -1.0 -1.0 67.0 50.0 -1.0 100.0 -1.0 -1.0 -1.0 38.0 10.0 -1.0 
-1.0 69.0 -1.0 13.0 -1.0 -1.0 -1.0 -1.0 41.0 10.0 -1.0 -1.0 -1.0 -1.0 51.0 
47.0 24.0 28.0 -1.0 -1.0 -1.0 88.0 -1.0 19.0 -1.0 69.0 80.0 12.0 -1.0 -1.0 
-1.0 -1.0 37.0 -1.0 57.0 -1.0 96.0 57.0 18.0 15.0 32.0 40.0 18.0 -1.0 22.0 
95.0 -1.0 -1.0 50.0 65.0 27.0 84.0 -1.0 -1.0 43.0 -1.0 82.0 33.0 -1.0 26.0 
54.0 -1.0 -1.0 -1.0 63.0 -1.0 -1.0 -1.0 65.0 -1.0 -1.0 75.0 -1.0 20.0 -1.0 
93.0 13.0 98.0 -1.0 83.0 -1.0 19.0 -1.0 88.0 26.0 97.0 17.0 -1.0 -1.0 39.0 
72.0 -1.0 -1.0 44.0 -1.0 -1.0 30.0 -1.0 -1.0 -1.0 -1.0 19.0 -1.0 -1.0 100.0 
-1.0 -1.0 13.0 -1.0 -1.0 52.0 26.0 -1.0 -1.0 -1.0 97.0 34.0 -1.0 85.0 33.0 
-1.0 -1.0 -1.0 71.0 17.0 49.0 31.0 -1.0 -1.0 22.0 63.0 69.0 19.0 -1.0 -1.0 
-1.0 -1.0 -1.0 76.0 -1.0 57.0 64.0 -1.0 -1.0 82.0 -1.0 99.0 -1.0 39.0 -1.0 
77.0 -1.0 64.0 -1.0 -1.0 -1.0 73.0 -1.0 47.0 68.0 57.0 -1.0 71.0 -1.0 84.0 
75.0 -1.0 65.0 49.0 -1.0 -1.0 -1.0 -1.0 -1.0 15.0 70.0 -1.0 -1.0 100.0 94.0 
-1.0 66.0 12.0 -1.0 77.0 70.0 -1.0 -1.0 22.0 27.0 -1.0 -1.0 -1.0 12.0 74.0 
-1.0 -1.0 -1.0 -1.0 70.0 -1.0 50.0 53.0 -1.0 85.0 -1.0 -1.0 38.0 -1.0 -1.0 
22.0 -1.0 -1.0 -1.0 -1.0 -1.0 48.0 -1.0 51.0 38.0 -1.0 -1.0 -1.0 -1.0 56.0 
-1.0 -1.0 -1.0 53.0 97.0 -1.0 -1.0 63.0 -1.0 -1.0 84.0 -1.0 26.0 -1.0 -1.0 
55.0 -1.0 86.0 69.0 -1.0 -1.0 -1.0 -1.0 -1.0 -1.0 24.0 28.0 -1.0 11.0 -1.0 
63.0 -1.0 -1.0 54.0 43.0 -1.0 -1.0 21.0 -1.0 55.0 55.0 19.0 41.0 39.0 -1.0 
99.0 38.0 -1.0 -1.0 -1.0 29.0 -1.0 61.0 86.0 92.0 20.0 57.0 35.0 75.0 -1.0 
49.0 -1.0 -1.0 -1.0 -1.0 69.0 -1.0 -1.0 -1.0 -1.0 64.0 88.0 -1.0 92.0 -1.0 
73.0 62.0 -1.0 -1.0 23.0 -1.0 94.0 -1.0 10.0 -1.0 23.0 12.0 25.0 70.0 -1.0 
-1.0 85.0 -1.0 -1.0 92.0 93.0 -1.0 74.0 64.0 -1.0 53.0 -1.0 100.0 61.0 -1.0 
81.0 -1.0 61.0 -1.0 -1.0 -1.0 51.0 -1.0 96.0 67.0 62.0 -1.0 80.0 91.0 71.0 
-1.0 -1.0 -1.0 17.0 58.0 -1.0 -1.0 -1.0 -1.0 74.0 -1.0 92.0 30.0 39.0 90.0 
26.0 -1.0 -1.0 69.0 62.0 -1.0 68.0 -1.0 33.0 -1.0 -1.0 -1.0 63.0 -1.0 19.0 
48.0 -1.0 49.0 67.0 24.0 84.0 -1.0 -1.0 -1.0 -1.0 81.0 -1.0 -1.0 80.0 71.0 
-1.0 -1.0 -1.0 84.0 -1.0 62.0 -1.0 -1.0 63.0 -1.0 79.0 -1.0 88.0 79.0 -1.0 
33.0 55.0 -1.0 -1.0 50.0 -1.0 49.0 86.0 47.0 59.0 23.0 -1.0 -1.0 43.0 10.0 
-1.0 33.0 48.0 88.0 73.0 -1.0 -1.0 97.0 -1.0 -1.0 69.0 -1.0 -1.0 -1.0 -1.0 
74.0 50.0 -1.0 -1.0 88.0 52.0 -1.0 67.0 96.0 85.0 -1.0 -1.0 84.0 -1.0 77.0 
23.0 94.0 23.0 -1.0 59.0 36.0 -1.0 10.0 -1.0 -1.0 -1.0 81.0 -1.0 -1.0 -1.0 
-1.0 -1.0 47.0 -1.0 -1.0 20.0 -1.0 -1.0 -1.0 65.0 -1.0 -1.0 70.0 14.0 -1.0 
-1.0 69.0 -1.0 66.0 77.0 67.0 100.0 75.0 -1.0 85.0 -1.0 -1.0 73.0 44.0 68.0 
76.0 -1.0 20.0 -1.0 -1.0 34.0 -1.0 -1.0 -1.0 73.0 79.0 -1.0 -1.0 -1.0 11.0 
68.0 53.0 66.0 -1.0 -1.0 37.0 -1.0 72.0 -1.0 15.0 64.0 -1.0 85.0 87.0 -1.0 
-1.0 40.0 15.0 -1.0 -1.0 73.0 25.0 -1.0 16.0 -1.0 27.0 -1.0 -1.0 -1.0 -1.0 
60.0 -1.0 57.0 60.0 86.0 -1.0 -1.0 74.0 -1.0 76.0 35.0 99.0 83.0 -1.0 -1.0 
-1.0 -1.0 -1.0 49.0 46.0 81.0 59.0 47.0 -1.0 -1.0 95.0 82.0 -1.0 -1.0 57.0 
-1.0 26.0 -1.0 -1.0 -1.0 -1.0 64.0 54.0 56.0 95.0 -1.0 95.0 -1.0 68.0 58.0 
-1.0 -1.0 78.0 12.0 95.0 -1.0 92.0 16.0 -1.0 -1.0 -1.0 -1.0 -1.0 -1.0 -1.0 
51.0 12.0 94.0 -1.0 -1.0 -1.0 62.0 -1.0 -1.0 82.0 87.0 95.0 -1.0 -1.0 86.0 
92.0 54.0 92.0 45.0 42.0 -1.0 -1.0 10.0 32.0 -1.0 58.0 -1.0 68.0 -1.0 45.0 
-1.0 -1.0 84.0 -1.0 11.0 61.0 34.0 -1.0 -1.0 -1.0 65.0 89.0 -1.0 -1.0 59.0 
70.0 -1.0 51.0 48.0 -1.0 78.0 -1.0 -1.0 -1.0 95.0 26.0 -1.0 -1.0 -1.0 98.0 
51.0 -1.0 99.0 54.0 29.0 -1.0 -1.0 -1.0 -1.0 -1.0 -1.0 -1.0 -1.0 -1.0 69.0 
42.0 -1.0 30.0 -1.0 41.0 -1.0 -1.0 -1.0 -1.0 76.0 -1.0 -1.0 96.0 -1.0 -1.0 
42.0 40.0 -1.0 -1.0 19.0 -1.0 97.0 68.0 65.0 11.0 -1.0 44.0 31.0 -1.0 16.0 
-1.0 -1.0 66.0 94.0 57.0 57.0 98.0 -1.0 -1.0 -1.0 72.0 -1.0 -1.0 -1.0 -1.0 
54.0 -1.0 -1.0 52.0 81.0 39.0 52.0 23.0 -1.0 -1.0 90.0 -1.0 21.0 84.0 84.0 
62.0 -1.0 -1.0 62.0 74.0 -1.0 -1.0 -1.0 -1.0 15.0 46.0 22.0 14.0 26.0 13.0 
-1.0 -1.0 72.0 -1.0 60.0 23.0 -1.0 100.0 90.0 -1.0 78.0 92.0 25.0 42.0 37.0 
-1.0 94.0 -1.0 68.0 -1.0 91.0 -1.0 -1.0 -1.0 53.0 -1.0 -1.0 -1.0 25.0 -1.0 
29.0 71.0 -1.0 47.0 -1.0 66.0 15.0 -1.0 93.0 88.0 -1.0 48.0 -1.0 82.0 92.0 
76.0 -1.0 -1.0 -1.0 -1.0 67.0 -1.0 -1.0 -1.0 38.0 30.0 -1.0 -1.0 71.0 -1.0 
-1.0 -1.0 75.0 21.0 35.0 -1.0 52.0 92.0 34.0 70.0 -1.0 -1.0 -1.0 -1.0 22.0 
42.0 -1.0 -1.0 -1.0 18.0 -1.0 70.0 99.0 67.0 72.0 -1.0 -1.0 38.0 -1.0 57.0 
34.0 60.0 -1.0 42.0 -1.0 -1.0 84.0 90.0 13.0 -1.0 -1.0 -1.0 -1.0 71.0 43.0 
-1.0 -1.0 -1.0 73.0 -1.0 47.0 -1.0 -1.0 -1.0 -1.0 82.0 54.0 -1.0 73.0 46.0 
14.0 -1.0 84.0 31.0 -1.0 63.0 -1.0 -1.0 27.0 45.0 20.0 48.0 -1.0 41.0 19.0 
79.0 -1.0 96.0 -1.0 71.0 33.0 25.0 -1.0 -1.0 36.0 -1.0 28.0 89.0 80.0 -1.0 
-1.0 -1.0 -1.0 -1.0 18.0 95.0 49.0 -1.0 81.0 -1.0 25.0 96.0 82.0 -1.0 59.0 
20.0 58.0 -1.0 18.0 -1.0 -1.0 57.0 10.0 54.0 -1.0 81.0 47.0 48.0 -1.0 23.0 
68.0 62.0 -1.0 93.0 -1.0 62.0 12.0 57.0 -1.0 -1.0 -1.0 -1.0 -1.0 25.0 -1.0 
-1.0 -1.0 94.0 47.0 78.0 32.0 60.0 82.0 -1.0 -1.0 -1.0 -1.0 22.0 66.0 -1.0 
-1.0 14.0 64.0 17.0 -1.0 34.0 -1.0 -1.0 91.0 -1.0 21.0 -1.0 80.0 -1.0 49.0 
-1.0 -1.0 71.0 -1.0 -1.0 -1.0 26.0 81.0 -1.0 -1.0 -1.0 -1.0 93.0 -1.0 56.0 
-1.0 77.0 -1.0 47.0 86.0 -1.0 23.0 -1.0 94.0 -1.0 -1.0 -1.0 -1.0 31.0 -1.0 
97.0 -1.0 -1.0 90.0 -1.0 25.0 -1.0 70.0 -1.0 84.0 87.0 75.0 -1.0 13.0 29.0 
-1.0 -1.0 69.0 69.0 72.0 -1.0 10.0 -1.0 81.0 -1.0 36.0 37.0 20.0 -1.0 23.0 
-1.0 81.0 27.0 40.0 75.0 -1.0 -1.0 13.0 -1.0 35.0 -1.0 -1.0 38.0 53.0 -1.0 
-1.0 -1.0 -1.0 69.0 -1.0 -1.0 -1.0 37.0 -1.0 39.0 -1.0 -1.0 33.0 -1.0 28.0 
-1.0 -1.0 -1.0 -1.0 14.0 -1.0 89.0 -1.0 71.0 -1.0 78.0 -1.0 -1.0 -1.0 26.0 
-1.0 15.0 88.0 -1.0 21.0 81.0 -1.0 30.0 -1.0 -1.0 -1.0 -1.0 -1.0 -1.0 -1.0 
22.0 -1.0 -1.0 24.0 61.0 -1.0 82.0 53.0 100.0 15.0 85.0 -1.0 -1.0 63.0 -1.0 
37.0 51.0 39.0 15.0 12.0 -1.0 -1.0 -1.0 -1.0 61.0 15.0 -1.0 -1.0 -1.0 74.0 
16.0 -1.0 75.0 17.0 72.0 -1.0 -1.0 -1.0 100.0 20.0 -1.0 -1.0 -1.0 77.0 -1.0 
-1.0 84.0 -1.0 -1.0 -1.0 -1.0 -1.0 83.0 100.0 -1.0 60.0 50.0 -1.0 43.0 -1.0 
-1.0 -1.0 -1.0 13.0 -1.0 15.0 -1.0 -1.0 -1.0 -1.0 35.0 66.0 -1.0 -1.0 69.0 
-1.0 -1.0 69.0 53.0 -1.0 60.0 70.0 -1.0 92.0 61.0 60.0 -1.0 80.0 86.0 -1.0 
24.0 95.0 -1.0 -1.0 -1.0 94.0 96.0 70.0 -1.0 -1.0 -1.0 -1.0 -1.0 79.0 -1.0 
45.0 66.0 -1.0 25.0 -1.0 53.0 -1.0 32.0 43.0 73.0 -1.0 -1.0 91.0 -1.0 64.0 
-1.0 -1.0 89.0 13.0 -1.0 -1.0 69.0 34.0 40.0 -1.0 92.0 48.0 100.0 -1.0 62.0 
-1.0 -1.0 20.0 68.0 59.0 -1.0 -1.0 21.0 -1.0 -1.0 39.0 -1.0 92.0 -1.0 -1.0 
-1.0 -1.0 -1.0 -1.0 -1.0 39.0 -1.0 -1.0 -1.0 63.0 98.0 -1.0 -1.0 11.0 73.0 
66.0 -1.0 54.0 30.0 64.0 -1.0 -1.0 52.0 26.0 -1.0 94.0 -1.0 64.0 59.0 64.0 
74.0 -1.0 -1.0 20.0 77.0 -1.0 -1.0 -1.0 65.0 57.0 15.0 -1.0 25.0 -1.0 22.0 
-1.0 83.0 46.0 20.0 18.0 -1.0 -1.0 -1.0 82.0 90.0 -1.0 -1.0 -1.0 -1.0 -1.0 
29.0 19.0 65.0 35.0 -1.0 -1.0 37.0 87.0 72.0 -1.0 -1.0 61.0 -1.0 77.0 67.0 
-1.0 -1.0 100.0 -1.0 89.0 51.0 16.0 -1.0 60.0 -1.0 -1.0 -1.0 -1.0 -1.0 -1.0 
78.0 79.0 -1.0 51.0 94.0 -1.0 -1.0 27.0 45.0 -1.0 61.0 -1.0 66.0 -1.0 -1.0 
-1.0 83.0 -1.0 14.0 -1.0 -1.0 -1.0 -1.0 14.0 67.0 -1.0 63.0 77.0 -1.0 64.0 
-1.0 -1.0 -1.0 -1.0 -1.0 -1.0 47.0 88.0 74.0 60.0 -1.0 -1.0 53.0 -1.0 74.0 
97.0 -1.0 -1.0 89.0 46.0 -1.0 27.0 -1.0 16.0 -1.0 30.0 38.0 36.0 60.0 -1.0 
-1.0 -1.0 43.0 85.0 -1.0 -1.0 62.0 21.0 23.0 -1.0 83.0 21.0 94.0 -1.0 72.0 
73.0 -1.0 -1.0 29.0 -1.0 -1.0 93.0 -1.0 -1.0 87.0 76.0 -1.0 65.0 62.0 -1.0 
55.0 -1.0 62.0 -1.0 -1.0 57.0 51.0 -1.0 -1.0 56.0 51.0 -1.0 -1.0 -1.0 98.0 
15.0 -1.0 -1.0 -1.0 -1.0 -1.0 43.0 -1.0 -1.0 32.0 100.0 -1.0 -1.0 -1.0 56.0 
94.0 11.0 -1.0 53.0 100.0 91.0 -1.0 -1.0 -1.0 13.0 49.0 -1.0 -1.0 25.0 65.0 
-1.0 28.0 54.0 66.0 64.0 -1.0 -1.0 12.0 83.0 -1.0 84.0 -1.0 -1.0 16.0 65.0 
-1.0 55.0 91.0 11.0 39.0 -1.0 -1.0 87.0 47.0 78.0 -1.0 -1.0 32.0 -1.0 34.0 
-1.0 26.0 -1.0 99.0 -1.0 39.0 87.0 61.0 -1.0 67.0 67.0 -1.0 43.0 99.0 19.0 
-1.0 -1.0 97.0 53.0 62.0 11.0 -1.0 50.0 -1.0 -1.0 -1.0 -1.0 72.0 -1.0 44.0 
-1.0 10.0 77.0 -1.0 32.0 55.0 55.0 64.0 25.0 88.0 69.0 -1.0 -1.0 -1.0 -1.0 
-1.0 -1.0 33.0 24.0 -1.0 72.0 -1.0 -1.0 -1.0 72.0 -1.0 60.0 -1.0 -1.0 -1.0 
-1.0 29.0 -1.0 88.0 41.0 -1.0 89.0 -1.0 -1.0 -1.0 -1.0 -1.0 -1.0 -1.0 60.0 
79.0 -1.0 48.0 -1.0 -1.0 46.0 -1.0 -1.0 61.0 38.0 95.0 -1.0 34.0 28.0 90.0 
-1.0 96.0 -1.0 -1.0 54.0 35.0 47.0 61.0 19.0 -1.0 85.0 -1.0 74.0 -1.0 -1.0 
45.0 -1.0 -1.0 12.0 73.0 -1.0 -1.0 83.0 92.0 48.0 -1.0 27.0 33.0 83.0 63.0 
-1.0 89.0 -1.0 57.0 54.0 51.0 -1.0 -1.0 42.0 -1.0 92.0 46.0 35.0 76.0 18.0 
63.0 -1.0 -1.0 -1.0 16.0 99.0 94.0 65.0 -1.0 -1.0 -1.0 -1.0 -1.0 -1.0 -1.0 
-1.0 78.0 -1.0 -1.0 38.0 11.0 70.0 45.0 -1.0 79.0 25.0 -1.0 19.0 -1.0 -1.0 
68.0 -1.0 -1.0 -1.0 -1.0 81.0 46.0 91.0 72.0 51.0 -1.0 20.0 73.0 -1.0 80.0 
27.0 -1.0 -1.0 -1.0 -1.0 44.0 -1.0 49.0 -1.0 58.0 -1.0 -1.0 -1.0 -1.0 52.0 
24.0 -1.0 73.0 35.0 91.0 28.0 25.0 -1.0 -1.0 48.0 26.0 -1.0 69.0 -1.0 61.0 
-1.0 99.0 -1.0 -1.0 51.0 68.0 30.0 -1.0 -1.0 -1.0 44.0 73.0 97.0 -1.0 79.0 
100.0 81.0 -1.0 94.0 -1.0 92.0 -1.0 47.0 -1.0 -1.0 -1.0 -1.0 -1.0 76.0 -1.0 
83.0 64.0 49.0 21.0 43.0 82.0 -1.0 42.0 -1.0 18.0 12.0 -1.0 -1.0 -1.0 59.0 
65.0 -1.0 -1.0 24.0 -1.0 -1.0 -1.0 -1.0 71.0 36.0 12.0 81.0 -1.0 65.0 98.0 
-1.0 -1.0 56.0 82.0 48.0 -1.0 34.0 -1.0 -1.0 24.0 82.0 -1.0 70.0 15.0 -1.0 
82.0 45.0 64.0 50.0 -1.0 10.0 -1.0 -1.0 79.0 30.0 33.0 14.0 -1.0 100.0 -1.0 
64.0 64.0 76.0 -1.0 -1.0 99.0 23.0 56.0 -1.0 -1.0 -1.0 -1.0 -1.0 24.0 -1.0 
-1.0 54.0 48.0 -1.0 -1.0 -1.0 68.0 56.0 -1.0 -1.0 -1.0 71.0 -1.0 51.0 -1.0 
64.0 -1.0 -1.0 19.0 28.0 -1.0 76.0 -1.0 -1.0 -1.0 80.0 -1.0 -1.0 89.0 19.0 
69.0 73.0 67.0 41.0 66.0 -1.0 24.0 52.0 60.0 -1.0 -1.0 -1.0 22.0 65.0 -1.0 
26.0 66.0 26.0 72.0 -1.0 97.0 -1.0 80.0 -1.0 56.0 -1.0 -1.0 44.0 -1.0 13.0 
-1.0 76.0 -1.0 -1.0 -1.0 -1.0 -1.0 92.0 68.0 40.0 -1.0 -1.0 14.0 -1.0 42.0 
-1.0 -1.0 -1.0 -1.0 91.0 55.0 44.0 70.0 73.0 -1.0 98.0 17.0 -1.0 14.0 -1.0 
-1.0 44.0 89.0 -1.0 42.0 48.0 -1.0 -1.0 44.0 10.0 100.0 51.0 36.0 -1.0 54.0 
-1.0 -1.0 -1.0 89.0 41.0 91.0 39.0 41.0 -1.0 47.0 58.0 -1.0 21.0 -1.0 92.0 
56.0 46.0 -1.0 -1.0 -1.0 21.0 93.0 72.0 -1.0 -1.0 -1.0 -1.0 45.0 11.0 32.0 
45.0 -1.0 56.0 -1.0 -1.0 33.0 -1.0 -1.0 -1.0 -1.0 29.0 -1.0 -1.0 19.0 -1.0 
-1.0 -1.0 -1.0 -1.0 27.0 -1.0 -1.0 86.0 56.0 -1.0 73.0 33.0 87.0 17.0 73.0 
-1.0 51.0 -1.0 -1.0 -1.0 30.0 42.0 -1.0 96.0 -1.0 -1.0 -1.0 -1.0 15.0 -1.0 
-1.0 45.0 -1.0 -1.0 17.0 36.0 76.0 -1.0 -1.0 96.0 -1.0 -1.0 -1.0 -1.0 -1.0 
-1.0 50.0 -1.0 11.0 -1.0 -1.0 -1.0 -1.0 10.0 92.0 20.0 -1.0 -1.0 -1.0 -1.0 
73.0 -1.0 20.0 10.0 34.0 -1.0 -1.0 43.0 25.0 -1.0 42.0 36.0 -1.0 91.0 11.0 
-1.0 -1.0 65.0 42.0 -1.0 45.0 -1.0 44.0 -1.0 -1.0 -1.0 24.0 81.0 -1.0 50.0 
-1.0 87.0 69.0 63.0 91.0 -1.0 47.0 20.0 91.0 12.0 -1.0 -1.0 -1.0 -1.0 -1.0 
21.0 -1.0 -1.0 -1.0 -1.0 32.0 23.0 35.0 40.0 -1.0 -1.0 -1.0 23.0 -1.0 -1.0 
44.0 -1.0 -1.0 -1.0 -1.0 -1.0 -1.0 84.0 65.0 96.0 -1.0 -1.0 72.0 -1.0 -1.0 
60.0 95.0 -1.0 78.0 -1.0 -1.0 -1.0 -1.0 23.0 100.0 23.0 27.0 -1.0 -1.0 63.0 
99.0 93.0 -1.0 -1.0 -1.0 26.0 15.0 -1.0 76.0 -1.0 72.0 58.0 42.0 -1.0 11.0 
20.0 -1.0 19.0 53.0 -1.0 -1.0 -1.0 13.0 -1.0 24.0 -1.0 40.0 -1.0 17.0 -1.0 
-1.0 19.0 68.0 33.0 99.0 -1.0 -1.0 36.0 -1.0 -1.0 -1.0 -1.0 -1.0 86.0 44.0 
-1.0 -1.0 63.0 -1.0 -1.0 -1.0 -1.0 -1.0 -1.0 -1.0 24.0 68.0 82.0 -1.0 33.0 
-1.0 36.0 18.0 12.0 -1.0 91.0 62.0 81.0 61.0 19.0 -1.0 92.0 -1.0 65.0 -1.0 
-1.0 -1.0 24.0 -1.0 12.0 54.0 -1.0 -1.0 50.0 -1.0 -1.0 -1.0 94.0 -1.0 -1.0 
44.0 -1.0 88.0 90.0 -1.0 -1.0 12.0 -1.0 96.0 87.0 72.0 98.0 25.0 -1.0 34.0 
57.0 -1.0 88.0 -1.0 95.0 79.0 30.0 -1.0 44.0 -1.0 -1.0 57.0 14.0 -1.0 27.0 
65.0 -1.0 -1.0 -1.0 87.0 70.0 16.0 84.0 32.0 77.0 45.0 -1.0 64.0 -1.0 49.0 
-1.0 72.0 -1.0 10.0 54.0 83.0 62.0 94.0 -1.0 -1.0 56.0 56.0 -1.0 -1.0 -1.0 
55.0 -1.0 16.0 84.0 66.0 -1.0 65.0 12.0 46.0 -1.0 -1.0 -1.0 -1.0 -1.0 79.0 
-1.0 40.0 -1.0 -1.0 -1.0 23.0 -1.0 -1.0 49.0 97.0 56.0 94.0 -1.0 -1.0 -1.0 
98.0 -1.0 91.0 -1.0 -1.0 78.0 -1.0 -1.0 -1.0 -1.0 -1.0 -1.0 96.0 100.0 77.0 
44.0 34.0 91.0 -1.0 77.0 -1.0 -1.0 86.0 -1.0 80.0 -1.0 11.0 64.0 44.0 56.0 
26.0 10.0 -1.0 85.0 -1.0 -1.0 95.0 36.0 78.0 -1.0 75.0 40.0 61.0 -1.0 46.0 
-1.0 -1.0 100.0 56.0 96.0 60.0 34.0 100.0 44.0 31.0 27.0 -1.0 -1.0 77.0 -1.0 
