***n m*** 
15 15 
***h*** 
11 15 15 5 12 11 15 5 15 6 10 9 9 9 10 
***d*** 
151.99 969.13 909.41 126.92 1089.05 153.78 1131.79 129.38 158.0 1010.88 1327.16 1050.48 147.31 609.45 608.25 
***M*** 
6 3 9 14 13 
3 9 15 2 6 
7 11 3 6 1 14 4 
5 12 6 2 13 14 11 
15 3 9 5 8 7 13 11 12 
6 15 2 12 1 7 8 
10 2 7 13 12 
8 6 7 9 12 13 14 5 10 4 
15 10 14 2 6 8 
2 12 7 1 3 9 15 11 8 
2 7 1 10 8 
14 7 6 2 3 8 5 15 9 10 
12 14 13 3 2 9 4 7 15 
2 6 11 15 12 5 
4 2 12 10 7 13 9 15 5 8 
10 4 15 7 5 
6 15 4 14 11 
1 3 6 11 8 4 5 12 14 2 
15 7 11 12 1 10 5 2 
5 2 13 12 15 6 11 4 
12 7 10 13 3 5 
1 15 14 2 6 4 8 
14 11 1 10 5 15 
13 9 6 7 4 1 11 3 10 
11 5 7 12 2 9 1 14 3 6 
7 15 12 14 11 2 5 10 
7 3 12 2 4 13 15 14 
9 8 4 3 1 13 15 7 11 
13 2 9 4 15 6 7 14 11 
7 14 12 8 3 13 11 9 4 15 
7 9 3 15 1 12 10 4 
1 14 2 3 4 8 15 9 
13 9 2 4 10 15 3 11 6 12 
7 10 4 8 14 11 1 13 
5 6 4 11 2 15 12 1 8 10 
14 6 5 3 9 
6 9 5 10 1 7 8 13 
8 12 9 3 2 
1 9 7 14 3 13 5 11 
3 12 4 1 6 15 9 7 11 
3 1 12 13 15 
4 13 15 12 2 8 5 14 
6 3 13 4 11 9 7 8 12 
12 8 3 10 6 9 13 2 4 1 
12 8 2 7 13 6 9 5 
9 14 4 12 6 5 10 2 15 8 
3 2 8 13 10 7 15 5 11 
13 14 5 15 1 3 7 8 4 11 
7 6 1 9 11 
5 1 3 7 15 9 10 2 6 13 
14 3 8 5 10 11 15 4 9 6 
4 12 14 13 10 11 9 
15 12 2 5 9 11 7 1 10 8 
4 8 1 2 9 13 12 
1 10 4 12 6 3 
9 11 4 7 2 
15 14 5 7 8 1 10 13 12 
1 2 15 14 3 9 12 13 10 
1 12 13 4 7 14 8 
5 10 14 15 2 
7 2 13 6 9 10 
10 7 14 3 11 1 
7 3 10 5 2 12 1 15 
6 1 13 9 8 3 15 2 
10 5 15 11 3 13 12 2 7 
12 11 8 9 7 13 
1 4 7 13 10 
5 2 4 13 8 11 
1 12 13 14 2 15 10 
4 15 2 5 12 9 
3 12 8 15 1 
9 1 12 14 10 15 8 
15 13 5 7 12 6 3 10 14 
15 8 12 6 10 5 13 
4 8 9 15 3 
5 9 10 14 12 8 6 4 
7 13 9 6 14 4 11 
1 11 14 5 3 
14 5 15 13 2 7 10 8 3 
15 12 1 10 6 13 11 9 7 14 
3 13 11 10 5 6 12 2 15 
8 6 15 9 1 
6 12 11 3 9 
12 6 3 13 11 
11 15 6 12 4 3 
12 1 8 15 7 5 13 10 
1 13 7 10 9 
7 4 9 14 2 6 10 1 8 5 
2 10 6 13 12 5 11 15 1 14 
13 10 2 4 1 15 8 
6 4 9 8 7 
6 7 9 13 1 
6 9 10 3 12 13 2 15 5 
2 6 3 4 7 5 14 
6 2 3 7 1 11 8 
14 1 2 9 7 12 3 4 15 5 
10 9 6 8 4 7 1 14 13 
4 14 5 8 10 12 13 
11 9 6 7 14 1 8 5 3 
11 7 3 6 13 14 2 15 9 
1 2 11 6 14 
13 3 8 1 12 5 2 6 4 
11 4 1 2 10 6 15 14 3 
3 8 15 5 6 4 11 13 10 1 
2 14 8 5 13 10 7 12 6 11 
1 7 6 8 12 2 13 14 4 
14 4 12 10 8 7 
12 14 13 15 6 10 2 5 8 
12 9 6 4 7 10 8 15 11 
6 14 7 11 5 13 3 1 8 
14 8 13 11 10 9 12 1 
10 13 5 7 14 11 9 8 15 
7 9 1 12 13 3 2 4 
6 7 10 13 3 1 
11 14 8 4 6 
2 5 6 14 12 8 9 7 
7 5 15 12 10 
5 7 2 8 12 9 4 3 
13 3 15 9 4 5 6 2 14 12 
9 3 7 10 15 
1 12 4 7 6 8 11 
11 6 14 7 10 1 3 8 
14 9 11 2 8 
9 8 6 14 3 
14 3 10 1 4 
13 3 11 6 8 10 7 4 14 
2 3 7 6 10 1 12 
10 11 14 13 2 1 6 5 15 
12 7 4 13 5 
5 4 11 3 1 
11 3 15 13 1 7 12 10 14 
9 13 7 4 12 3 14 
10 15 8 6 4 14 9 
7 6 3 8 13 1 10 
15 5 7 12 11 13 8 6 10 
3 6 13 14 7 
1 10 6 2 12 15 11 
13 12 14 8 6 5 
9 4 15 7 12 14 13 3 
4 7 9 14 6 8 5 
1 8 13 10 5 11 2 
15 2 1 10 9 11 3 
6 10 8 2 14 
1 7 11 6 3 15 13 8 9 4 
4 7 3 5 2 14 6 11 13 
2 14 8 7 1 11 9 4 15 
10 13 12 8 11 2 
15 12 10 13 1 7 4 8 
2 8 1 13 4 7 
2 4 11 12 6 9 8 
14 9 13 6 5 1 4 11 12 
5 2 4 9 14 12 6 11 
7 8 6 15 5 
12 5 6 2 8 3 
11 9 1 13 8 12 15 7 4 3 
1 5 12 6 8 14 
2 5 11 6 4 13 1 15 
***P*** 
-1.0 -1.0 65.0 -1.0 -1.0 32.0 -1.0 -1.0 96.0 -1.0 -1.0 -1.0 22.0 28.0 -1.0 
-1.0 67.0 55.0 -1.0 -1.0 94.0 -1.0 -1.0 11.0 -1.0 -1.0 -1.0 -1.0 -1.0 30.0 
70.0 -1.0 28.0 40.0 -1.0 34.0 70.0 -1.0 -1.0 -1.0 19.0 -1.0 -1.0 22.0 -1.0 
-1.0 50.0 -1.0 -1.0 95.0 88.0 -1.0 -1.0 -1.0 -1.0 61.0 82.0 67.0 22.0 -1.0 
-1.0 -1.0 50.0 -1.0 18.0 -1.0 60.0 71.0 60.0 -1.0 57.0 15.0 52.0 -1.0 17.0 
27.0 56.0 -1.0 -1.0 -1.0 33.0 38.0 75.0 -1.0 -1.0 -1.0 80.0 -1.0 -1.0 25.0 
-1.0 61.0 -1.0 -1.0 -1.0 -1.0 17.0 -1.0 -1.0 38.0 -1.0 69.0 51.0 -1.0 -1.0 
-1.0 -1.0 -1.0 86.0 89.0 81.0 16.0 48.0 64.0 33.0 -1.0 99.0 35.0 54.0 -1.0 
-1.0 57.0 -1.0 -1.0 -1.0 96.0 -1.0 65.0 -1.0 60.0 -1.0 -1.0 -1.0 12.0 78.0 
92.0 82.0 87.0 -1.0 -1.0 -1.0 91.0 24.0 57.0 -1.0 95.0 67.0 -1.0 -1.0 44.0 
99.0 45.0 -1.0 -1.0 -1.0 -1.0 100.0 82.0 -1.0 28.0 -1.0 -1.0 -1.0 -1.0 -1.0 
-1.0 100.0 12.0 -1.0 28.0 87.0 59.0 89.0 19.0 94.0 -1.0 -1.0 -1.0 39.0 84.0 
-1.0 57.0 69.0 78.0 -1.0 -1.0 72.0 -1.0 44.0 -1.0 -1.0 46.0 20.0 41.0 92.0 
-1.0 27.0 -1.0 -1.0 85.0 46.0 -1.0 -1.0 -1.0 -1.0 23.0 68.0 -1.0 -1.0 27.0 
-1.0 43.0 -1.0 58.0 57.0 -1.0 18.0 70.0 29.0 27.0 -1.0 30.0 35.0 -1.0 65.0 
-1.0 -1.0 -1.0 27.0 66.0 -1.0 55.0 -1.0 -1.0 81.0 -1.0 -1.0 -1.0 -1.0 18.0 
-1.0 -1.0 -1.0 10.0 -1.0 14.0 -1.0 -1.0 -1.0 -1.0 17.0 -1.0 -1.0 11.0 49.0 
39.0 81.0 79.0 58.0 18.0 74.0 -1.0 100.0 -1.0 -1.0 10.0 86.0 -1.0 73.0 -1.0 
57.0 85.0 -1.0 -1.0 23.0 -1.0 50.0 -1.0 -1.0 94.0 45.0 11.0 -1.0 -1.0 63.0 
-1.0 37.0 -1.0 86.0 54.0 94.0 -1.0 -1.0 -1.0 -1.0 65.0 80.0 90.0 -1.0 92.0 
-1.0 -1.0 88.0 -1.0 34.0 -1.0 82.0 -1.0 -1.0 86.0 -1.0 13.0 58.0 -1.0 -1.0 
26.0 18.0 -1.0 25.0 -1.0 84.0 -1.0 36.0 -1.0 -1.0 -1.0 -1.0 -1.0 12.0 91.0 
23.0 -1.0 -1.0 -1.0 94.0 -1.0 -1.0 -1.0 -1.0 89.0 90.0 -1.0 -1.0 52.0 36.0 
56.0 -1.0 65.0 10.0 -1.0 49.0 72.0 -1.0 22.0 90.0 36.0 -1.0 49.0 -1.0 -1.0 
38.0 57.0 83.0 -1.0 21.0 13.0 90.0 -1.0 76.0 -1.0 19.0 66.0 -1.0 65.0 -1.0 
-1.0 88.0 -1.0 -1.0 82.0 -1.0 30.0 -1.0 -1.0 96.0 96.0 14.0 -1.0 10.0 18.0 
-1.0 33.0 11.0 91.0 -1.0 -1.0 43.0 -1.0 -1.0 -1.0 -1.0 69.0 42.0 43.0 80.0 
60.0 -1.0 44.0 65.0 -1.0 -1.0 25.0 99.0 66.0 -1.0 77.0 -1.0 68.0 -1.0 59.0 
-1.0 36.0 -1.0 43.0 -1.0 94.0 41.0 -1.0 33.0 -1.0 100.0 -1.0 93.0 41.0 43.0 
-1.0 -1.0 37.0 48.0 -1.0 -1.0 37.0 89.0 43.0 -1.0 72.0 96.0 99.0 93.0 30.0 
13.0 -1.0 14.0 54.0 -1.0 -1.0 96.0 -1.0 17.0 21.0 -1.0 27.0 -1.0 -1.0 40.0 
30.0 83.0 47.0 32.0 -1.0 -1.0 -1.0 75.0 83.0 -1.0 -1.0 -1.0 -1.0 33.0 78.0 
-1.0 65.0 17.0 39.0 -1.0 32.0 -1.0 -1.0 86.0 51.0 24.0 60.0 72.0 -1.0 50.0 
32.0 -1.0 -1.0 86.0 -1.0 -1.0 55.0 17.0 -1.0 51.0 45.0 -1.0 84.0 23.0 -1.0 
70.0 62.0 -1.0 27.0 22.0 94.0 -1.0 16.0 -1.0 11.0 22.0 37.0 -1.0 -1.0 11.0 
-1.0 -1.0 11.0 -1.0 79.0 99.0 -1.0 -1.0 99.0 -1.0 -1.0 -1.0 -1.0 23.0 -1.0 
14.0 -1.0 -1.0 -1.0 81.0 62.0 16.0 20.0 71.0 43.0 -1.0 -1.0 55.0 -1.0 -1.0 
-1.0 55.0 78.0 -1.0 -1.0 -1.0 -1.0 73.0 18.0 -1.0 -1.0 26.0 -1.0 -1.0 -1.0 
95.0 -1.0 59.0 -1.0 83.0 -1.0 18.0 -1.0 94.0 -1.0 54.0 -1.0 68.0 65.0 -1.0 
25.0 -1.0 24.0 91.0 -1.0 47.0 17.0 -1.0 79.0 -1.0 46.0 10.0 -1.0 -1.0 66.0 
73.0 -1.0 61.0 -1.0 -1.0 -1.0 -1.0 -1.0 -1.0 -1.0 -1.0 79.0 20.0 -1.0 52.0 
-1.0 34.0 -1.0 11.0 63.0 -1.0 -1.0 51.0 -1.0 -1.0 -1.0 77.0 37.0 70.0 65.0 
-1.0 -1.0 89.0 52.0 -1.0 93.0 61.0 54.0 88.0 -1.0 20.0 57.0 15.0 -1.0 -1.0 
75.0 38.0 27.0 52.0 -1.0 41.0 -1.0 85.0 64.0 56.0 -1.0 86.0 46.0 -1.0 -1.0 
-1.0 21.0 -1.0 -1.0 66.0 31.0 63.0 93.0 27.0 -1.0 -1.0 67.0 61.0 -1.0 -1.0 
-1.0 10.0 -1.0 64.0 16.0 73.0 -1.0 48.0 59.0 46.0 -1.0 11.0 -1.0 40.0 63.0 
-1.0 77.0 36.0 -1.0 36.0 -1.0 56.0 63.0 -1.0 28.0 42.0 -1.0 82.0 -1.0 61.0 
67.0 -1.0 73.0 16.0 94.0 -1.0 16.0 50.0 -1.0 -1.0 24.0 -1.0 85.0 53.0 47.0 
35.0 -1.0 -1.0 -1.0 -1.0 46.0 98.0 -1.0 48.0 -1.0 94.0 -1.0 -1.0 -1.0 -1.0 
27.0 42.0 35.0 -1.0 18.0 63.0 95.0 -1.0 67.0 34.0 -1.0 -1.0 58.0 -1.0 10.0 
-1.0 -1.0 80.0 90.0 80.0 27.0 -1.0 28.0 22.0 15.0 21.0 -1.0 -1.0 70.0 82.0 
-1.0 -1.0 -1.0 41.0 -1.0 -1.0 -1.0 -1.0 60.0 82.0 67.0 88.0 44.0 76.0 -1.0 
40.0 82.0 -1.0 -1.0 31.0 -1.0 85.0 60.0 13.0 50.0 93.0 88.0 -1.0 -1.0 38.0 
30.0 91.0 -1.0 86.0 -1.0 -1.0 -1.0 55.0 68.0 -1.0 -1.0 59.0 52.0 -1.0 -1.0 
83.0 -1.0 81.0 37.0 -1.0 77.0 -1.0 -1.0 -1.0 84.0 -1.0 36.0 -1.0 -1.0 -1.0 
-1.0 54.0 -1.0 89.0 -1.0 -1.0 64.0 -1.0 21.0 -1.0 12.0 -1.0 -1.0 -1.0 -1.0 
62.0 -1.0 -1.0 -1.0 99.0 -1.0 60.0 23.0 -1.0 92.0 -1.0 10.0 72.0 50.0 97.0 
56.0 99.0 59.0 -1.0 -1.0 -1.0 -1.0 -1.0 73.0 51.0 -1.0 38.0 80.0 47.0 74.0 
24.0 -1.0 -1.0 32.0 -1.0 -1.0 89.0 74.0 -1.0 -1.0 -1.0 79.0 27.0 47.0 -1.0 
-1.0 79.0 -1.0 -1.0 89.0 -1.0 -1.0 -1.0 -1.0 39.0 -1.0 -1.0 -1.0 23.0 33.0 
-1.0 66.0 -1.0 -1.0 -1.0 57.0 49.0 -1.0 58.0 27.0 -1.0 -1.0 75.0 -1.0 -1.0 
52.0 -1.0 67.0 -1.0 -1.0 -1.0 45.0 -1.0 -1.0 11.0 96.0 -1.0 -1.0 31.0 -1.0 
86.0 34.0 81.0 -1.0 35.0 -1.0 63.0 -1.0 -1.0 90.0 -1.0 76.0 -1.0 -1.0 87.0 
25.0 51.0 67.0 -1.0 -1.0 22.0 -1.0 48.0 44.0 -1.0 -1.0 -1.0 82.0 -1.0 93.0 
-1.0 67.0 37.0 -1.0 12.0 -1.0 90.0 -1.0 -1.0 75.0 53.0 81.0 27.0 -1.0 91.0 
-1.0 -1.0 -1.0 -1.0 -1.0 -1.0 21.0 32.0 53.0 -1.0 52.0 61.0 12.0 -1.0 -1.0 
19.0 -1.0 -1.0 66.0 -1.0 -1.0 85.0 -1.0 -1.0 68.0 -1.0 -1.0 71.0 -1.0 -1.0 
-1.0 49.0 -1.0 29.0 23.0 -1.0 -1.0 77.0 -1.0 -1.0 50.0 -1.0 48.0 -1.0 -1.0 
10.0 44.0 -1.0 -1.0 -1.0 -1.0 -1.0 -1.0 -1.0 88.0 -1.0 49.0 40.0 18.0 100.0 
-1.0 38.0 -1.0 52.0 88.0 -1.0 -1.0 -1.0 71.0 -1.0 -1.0 73.0 -1.0 -1.0 82.0 
64.0 -1.0 22.0 -1.0 -1.0 -1.0 -1.0 39.0 -1.0 -1.0 -1.0 14.0 -1.0 -1.0 17.0 
36.0 -1.0 -1.0 -1.0 -1.0 -1.0 -1.0 83.0 38.0 78.0 -1.0 38.0 -1.0 54.0 49.0 
-1.0 -1.0 29.0 -1.0 18.0 30.0 14.0 -1.0 -1.0 35.0 -1.0 32.0 88.0 81.0 22.0 
-1.0 -1.0 -1.0 -1.0 15.0 29.0 -1.0 95.0 -1.0 85.0 -1.0 32.0 74.0 -1.0 83.0 
-1.0 -1.0 11.0 15.0 -1.0 -1.0 -1.0 86.0 20.0 -1.0 -1.0 -1.0 -1.0 -1.0 58.0 
-1.0 -1.0 -1.0 59.0 57.0 33.0 -1.0 48.0 10.0 12.0 -1.0 55.0 -1.0 81.0 -1.0 
-1.0 -1.0 -1.0 13.0 -1.0 33.0 74.0 -1.0 52.0 -1.0 61.0 -1.0 29.0 13.0 -1.0 
35.0 -1.0 83.0 -1.0 67.0 -1.0 -1.0 -1.0 -1.0 -1.0 47.0 -1.0 -1.0 75.0 -1.0 
-1.0 40.0 96.0 -1.0 45.0 -1.0 24.0 85.0 -1.0 57.0 -1.0 -1.0 86.0 70.0 84.0 
98.0 -1.0 -1.0 -1.0 -1.0 76.0 11.0 -1.0 51.0 36.0 70.0 30.0 77.0 60.0 95.0 
-1.0 49.0 85.0 -1.0 46.0 99.0 -1.0 -1.0 -1.0 88.0 62.0 65.0 10.0 -1.0 78.0 
92.0 -1.0 -1.0 -1.0 -1.0 66.0 -1.0 48.0 74.0 -1.0 -1.0 -1.0 -1.0 -1.0 55.0 
-1.0 -1.0 41.0 -1.0 -1.0 60.0 -1.0 -1.0 65.0 -1.0 85.0 60.0 -1.0 -1.0 -1.0 
-1.0 -1.0 49.0 -1.0 -1.0 29.0 -1.0 -1.0 -1.0 -1.0 77.0 98.0 75.0 -1.0 -1.0 
-1.0 -1.0 49.0 44.0 -1.0 72.0 -1.0 -1.0 -1.0 -1.0 67.0 39.0 -1.0 -1.0 84.0 
77.0 -1.0 -1.0 -1.0 92.0 -1.0 33.0 40.0 -1.0 88.0 -1.0 17.0 39.0 -1.0 45.0 
62.0 -1.0 -1.0 -1.0 -1.0 -1.0 17.0 -1.0 64.0 100.0 -1.0 -1.0 11.0 -1.0 -1.0 
17.0 60.0 -1.0 33.0 71.0 41.0 76.0 10.0 59.0 66.0 -1.0 -1.0 -1.0 36.0 -1.0 
12.0 52.0 -1.0 -1.0 90.0 42.0 -1.0 -1.0 -1.0 24.0 10.0 99.0 20.0 38.0 46.0 
42.0 11.0 -1.0 69.0 -1.0 -1.0 -1.0 14.0 -1.0 71.0 -1.0 -1.0 19.0 -1.0 90.0 
-1.0 -1.0 -1.0 95.0 -1.0 61.0 77.0 22.0 11.0 -1.0 -1.0 -1.0 -1.0 -1.0 -1.0 
74.0 -1.0 -1.0 -1.0 -1.0 79.0 78.0 -1.0 42.0 -1.0 -1.0 -1.0 67.0 -1.0 -1.0 
-1.0 46.0 60.0 -1.0 24.0 58.0 -1.0 -1.0 47.0 71.0 -1.0 41.0 53.0 -1.0 43.0 
-1.0 12.0 16.0 96.0 20.0 55.0 70.0 -1.0 -1.0 -1.0 -1.0 -1.0 -1.0 25.0 -1.0 
72.0 16.0 98.0 -1.0 -1.0 75.0 40.0 25.0 -1.0 -1.0 97.0 -1.0 -1.0 -1.0 -1.0 
72.0 38.0 42.0 38.0 19.0 -1.0 82.0 -1.0 14.0 -1.0 -1.0 19.0 -1.0 48.0 30.0 
98.0 -1.0 -1.0 24.0 -1.0 89.0 88.0 77.0 81.0 76.0 -1.0 -1.0 34.0 99.0 -1.0 
-1.0 -1.0 -1.0 82.0 30.0 -1.0 -1.0 20.0 -1.0 34.0 -1.0 53.0 20.0 66.0 -1.0 
34.0 -1.0 13.0 -1.0 83.0 81.0 58.0 62.0 10.0 -1.0 33.0 -1.0 -1.0 18.0 -1.0 
-1.0 80.0 62.0 -1.0 -1.0 98.0 67.0 -1.0 86.0 -1.0 36.0 -1.0 73.0 15.0 53.0 
63.0 84.0 -1.0 -1.0 -1.0 16.0 -1.0 -1.0 -1.0 -1.0 30.0 -1.0 -1.0 18.0 -1.0 
50.0 96.0 74.0 28.0 73.0 58.0 -1.0 19.0 -1.0 -1.0 -1.0 33.0 18.0 -1.0 -1.0 
92.0 14.0 99.0 95.0 -1.0 52.0 -1.0 -1.0 -1.0 88.0 32.0 -1.0 -1.0 54.0 86.0 
19.0 -1.0 54.0 91.0 51.0 44.0 -1.0 97.0 -1.0 10.0 29.0 -1.0 87.0 -1.0 77.0 
-1.0 23.0 -1.0 -1.0 93.0 13.0 97.0 31.0 -1.0 72.0 51.0 53.0 22.0 59.0 -1.0 
55.0 29.0 -1.0 53.0 -1.0 89.0 96.0 81.0 -1.0 -1.0 -1.0 99.0 69.0 39.0 -1.0 
-1.0 -1.0 -1.0 49.0 -1.0 -1.0 63.0 47.0 -1.0 29.0 -1.0 64.0 -1.0 99.0 -1.0 
-1.0 13.0 -1.0 -1.0 68.0 85.0 -1.0 31.0 -1.0 99.0 -1.0 59.0 74.0 66.0 63.0 
-1.0 -1.0 -1.0 78.0 -1.0 38.0 46.0 84.0 42.0 39.0 56.0 31.0 -1.0 -1.0 64.0 
59.0 -1.0 61.0 -1.0 73.0 27.0 44.0 74.0 -1.0 -1.0 95.0 -1.0 24.0 74.0 -1.0 
29.0 -1.0 -1.0 -1.0 -1.0 -1.0 -1.0 80.0 41.0 57.0 73.0 11.0 10.0 81.0 -1.0 
-1.0 -1.0 -1.0 -1.0 63.0 -1.0 93.0 38.0 18.0 68.0 97.0 -1.0 74.0 41.0 75.0 
27.0 95.0 37.0 23.0 -1.0 -1.0 23.0 -1.0 65.0 -1.0 -1.0 68.0 74.0 -1.0 -1.0 
12.0 -1.0 63.0 -1.0 -1.0 48.0 74.0 -1.0 -1.0 16.0 -1.0 -1.0 15.0 -1.0 -1.0 
-1.0 -1.0 -1.0 30.0 -1.0 100.0 -1.0 37.0 -1.0 -1.0 33.0 -1.0 -1.0 83.0 -1.0 
-1.0 80.0 -1.0 -1.0 43.0 57.0 19.0 41.0 50.0 -1.0 -1.0 53.0 -1.0 83.0 -1.0 
-1.0 -1.0 -1.0 -1.0 84.0 -1.0 40.0 -1.0 -1.0 50.0 -1.0 60.0 -1.0 -1.0 64.0 
-1.0 48.0 92.0 61.0 11.0 -1.0 89.0 54.0 61.0 -1.0 -1.0 35.0 -1.0 -1.0 -1.0 
-1.0 91.0 74.0 30.0 16.0 26.0 -1.0 -1.0 64.0 -1.0 -1.0 89.0 79.0 94.0 13.0 
-1.0 -1.0 85.0 -1.0 -1.0 -1.0 51.0 -1.0 92.0 94.0 -1.0 -1.0 -1.0 -1.0 47.0 
48.0 -1.0 -1.0 52.0 -1.0 92.0 26.0 59.0 -1.0 -1.0 62.0 46.0 -1.0 -1.0 -1.0 
37.0 -1.0 43.0 -1.0 -1.0 83.0 70.0 19.0 -1.0 60.0 33.0 -1.0 -1.0 44.0 -1.0 
-1.0 92.0 -1.0 -1.0 -1.0 -1.0 -1.0 79.0 99.0 -1.0 45.0 -1.0 -1.0 45.0 -1.0 
-1.0 -1.0 44.0 -1.0 -1.0 16.0 -1.0 90.0 12.0 -1.0 -1.0 -1.0 -1.0 73.0 -1.0 
73.0 -1.0 14.0 66.0 -1.0 -1.0 -1.0 -1.0 -1.0 32.0 -1.0 -1.0 -1.0 81.0 -1.0 
-1.0 -1.0 20.0 66.0 -1.0 67.0 94.0 55.0 -1.0 49.0 45.0 -1.0 81.0 45.0 -1.0 
43.0 99.0 48.0 -1.0 -1.0 48.0 82.0 -1.0 -1.0 22.0 -1.0 34.0 -1.0 -1.0 -1.0 
64.0 40.0 -1.0 -1.0 54.0 68.0 -1.0 -1.0 -1.0 27.0 27.0 -1.0 22.0 77.0 32.0 
-1.0 -1.0 -1.0 76.0 77.0 -1.0 97.0 -1.0 -1.0 -1.0 -1.0 39.0 89.0 -1.0 -1.0 
87.0 -1.0 38.0 47.0 74.0 -1.0 -1.0 -1.0 -1.0 -1.0 86.0 -1.0 -1.0 -1.0 -1.0 
95.0 -1.0 61.0 -1.0 -1.0 -1.0 82.0 -1.0 -1.0 77.0 47.0 97.0 49.0 76.0 85.0 
-1.0 -1.0 18.0 56.0 -1.0 -1.0 41.0 -1.0 14.0 -1.0 -1.0 27.0 69.0 13.0 -1.0 
-1.0 -1.0 -1.0 59.0 -1.0 76.0 -1.0 92.0 59.0 26.0 -1.0 -1.0 -1.0 81.0 77.0 
41.0 -1.0 53.0 -1.0 -1.0 65.0 81.0 87.0 -1.0 32.0 -1.0 -1.0 71.0 -1.0 -1.0 
-1.0 -1.0 -1.0 -1.0 62.0 94.0 43.0 39.0 -1.0 25.0 83.0 11.0 37.0 -1.0 14.0 
-1.0 -1.0 55.0 -1.0 -1.0 37.0 72.0 -1.0 -1.0 -1.0 -1.0 -1.0 94.0 70.0 -1.0 
97.0 98.0 -1.0 -1.0 -1.0 51.0 -1.0 -1.0 -1.0 42.0 61.0 36.0 -1.0 -1.0 15.0 
-1.0 -1.0 -1.0 -1.0 31.0 36.0 -1.0 91.0 -1.0 -1.0 -1.0 67.0 27.0 84.0 -1.0 
-1.0 -1.0 47.0 72.0 -1.0 -1.0 85.0 -1.0 65.0 -1.0 -1.0 30.0 76.0 28.0 40.0 
-1.0 -1.0 -1.0 34.0 92.0 31.0 91.0 91.0 87.0 -1.0 -1.0 -1.0 -1.0 87.0 -1.0 
90.0 32.0 -1.0 -1.0 81.0 -1.0 -1.0 19.0 -1.0 21.0 47.0 -1.0 15.0 -1.0 -1.0 
23.0 35.0 21.0 -1.0 -1.0 -1.0 -1.0 -1.0 16.0 55.0 84.0 -1.0 -1.0 -1.0 76.0 
-1.0 97.0 -1.0 -1.0 -1.0 84.0 -1.0 90.0 -1.0 14.0 -1.0 -1.0 -1.0 27.0 -1.0 
29.0 -1.0 18.0 67.0 -1.0 71.0 76.0 10.0 23.0 -1.0 41.0 -1.0 23.0 -1.0 92.0 
-1.0 82.0 63.0 60.0 12.0 82.0 19.0 -1.0 -1.0 -1.0 77.0 -1.0 41.0 39.0 -1.0 
38.0 62.0 -1.0 21.0 -1.0 -1.0 98.0 55.0 22.0 -1.0 56.0 -1.0 -1.0 17.0 85.0 
-1.0 45.0 -1.0 -1.0 -1.0 -1.0 -1.0 16.0 -1.0 43.0 45.0 42.0 26.0 -1.0 -1.0 
29.0 -1.0 -1.0 78.0 -1.0 -1.0 36.0 53.0 -1.0 87.0 -1.0 67.0 65.0 -1.0 20.0 
64.0 85.0 -1.0 19.0 -1.0 -1.0 87.0 86.0 -1.0 -1.0 -1.0 -1.0 10.0 -1.0 -1.0 
-1.0 52.0 -1.0 93.0 -1.0 58.0 -1.0 77.0 77.0 -1.0 66.0 71.0 -1.0 -1.0 -1.0 
16.0 -1.0 -1.0 38.0 100.0 81.0 -1.0 -1.0 75.0 -1.0 26.0 44.0 55.0 13.0 -1.0 
-1.0 45.0 -1.0 20.0 40.0 82.0 -1.0 -1.0 97.0 -1.0 75.0 80.0 -1.0 84.0 -1.0 
-1.0 -1.0 -1.0 -1.0 13.0 43.0 10.0 88.0 -1.0 -1.0 -1.0 -1.0 -1.0 -1.0 85.0 
-1.0 80.0 54.0 -1.0 80.0 16.0 -1.0 64.0 -1.0 -1.0 -1.0 50.0 -1.0 -1.0 -1.0 
31.0 -1.0 75.0 79.0 -1.0 -1.0 14.0 54.0 35.0 -1.0 91.0 40.0 45.0 -1.0 55.0 
80.0 -1.0 -1.0 -1.0 72.0 19.0 -1.0 92.0 -1.0 -1.0 -1.0 55.0 -1.0 72.0 -1.0 
49.0 83.0 -1.0 55.0 37.0 68.0 -1.0 -1.0 -1.0 -1.0 75.0 -1.0 62.0 -1.0 46.0 
