***n m*** 
20 10 
***h*** 
15 14 11 13 10 7 5 14 7 11 12 14 13 13 14 8 10 7 9 13 
***d*** 
2262.87 961.98 2122.63 2162.48 232.24 1336.43 223.36 246.28 1537.48 956.37 2190.01 242.72 990.47 2122.38 2225.72 1420.74 1640.18 1307.06 1364.12 2178.63 
***M*** 
6 2 1 
3 5 8 1 2 4 9 
3 5 7 8 10 2 9 
8 1 9 2 3 5 
5 10 1 
3 9 4 5 2 
5 10 3 1 
6 8 9 
5 4 7 6 
7 6 4 5 2 8 
8 3 1 6 10 4 2 
9 3 1 7 
6 7 9 
3 8 7 9 6 
5 1 4 2 10 3 
1 3 6 9 10 
4 3 7 2 
7 6 10 3 8 2 5 
9 1 10 
4 1 5 2 7 
10 9 3 
7 6 8 
1 4 9 6 3 5 8 
2 1 8 7 
7 3 1 2 
5 7 6 2 1 3 
3 2 7 8 4 
8 5 6 2 9 
1 6 4 10 2 
4 3 1 
4 7 1 8 
7 1 6 5 
5 8 4 10 7 6 
2 10 9 7 5 6 4 
5 6 1 
3 5 1 2 6 
10 2 7 5 1 8 
1 3 2 4 
9 4 3 5 10 6 7 
7 10 6 1 
5 7 2 9 
4 2 3 1 9 
8 7 3 1 6 4 5 
1 2 10 4 
5 7 8 
6 4 3 7 10 8 
3 4 1 7 6 
5 6 9 2 10 
6 9 7 4 1 8 
10 1 4 2 9 3 7 
9 1 10 4 7 2 5 
5 3 1 6 2 10 4 
10 2 3 1 8 6 7 
5 2 8 1 
1 2 6 
10 6 5 7 8 
6 8 10 4 2 1 7 
7 6 10 
6 1 2 7 
6 5 9 8 10 
9 7 2 
8 9 6 2 1 10 
8 5 2 6 
3 5 9 4 
6 4 1 8 
7 4 6 5 2 9 
2 5 4 8 9 
4 7 8 9 
4 10 7 5 9 2 1 
7 6 8 4 1 2 5 
10 9 2 7 1 6 
3 1 9 10 4 
4 1 9 3 
4 5 9 2 8 
8 3 4 9 
10 4 6 7 8 
5 8 3 4 10 
5 10 1 2 3 
4 2 10 9 3 
7 1 2 10 5 6 
4 3 5 7 
10 9 7 6 8 
2 8 3 
3 7 10 2 5 4 
6 1 3 5 
1 6 4 9 
10 1 5 
4 1 3 8 9 
8 3 5 4 2 
8 7 2 10 6 1 4 
4 8 3 1 7 
2 6 9 8 
5 8 2 4 7 
3 10 7 9 4 
8 7 2 6 3 10 4 
10 4 6 
10 6 4 5 
3 1 2 6 9 8 4 
5 1 4 6 3 7 2 
3 6 8 1 2 7 
8 9 5 
3 10 5 9 8 
9 6 8 10 3 7 5 
6 5 3 2 1 
1 3 2 5 4 9 
3 9 2 8 10 
10 6 7 4 1 
3 7 8 6 
8 10 5 9 3 
1 2 6 4 8 
8 10 5 
4 3 9 2 
2 1 7 4 5 3 
1 3 8 
3 4 8 7 6 2 5 
7 9 8 3 
2 7 5 4 9 
6 9 1 7 
1 3 5 
4 10 3 9 8 
4 6 2 1 
6 9 3 1 
1 7 10 4 3 5 2 
5 4 8 6 7 1 10 
10 8 4 6 5 1 3 
6 7 10 4 9 8 
10 7 5 3 2 
1 3 8 2 
6 3 9 4 1 7 5 
2 4 8 7 9 6 1 
7 4 1 8 
1 2 3 4 
5 10 3 7 4 
6 3 5 9 
1 4 5 6 
2 9 6 8 7 
5 7 2 10 1 8 9 
9 1 8 2 6 3 
8 2 6 10 5 7 4 
9 2 4 5 6 
7 5 8 6 
10 3 2 8 5 9 7 
8 10 1 5 3 9 6 
4 5 9 7 6 
4 2 9 6 7 1 
6 10 7 2 
7 8 1 
9 5 3 4 2 1 
1 3 2 
8 10 4 9 6 
9 4 5 10 3 2 
6 5 1 3 7 2 4 
1 5 4 3 10 
9 4 3 5 
1 10 8 9 4 2 
10 5 4 6 8 9 3 
9 8 5 7 
2 8 10 4 9 7 6 
3 6 9 7 
1 5 9 2 
3 1 6 10 7 4 
2 5 10 6 4 
8 9 5 7 4 6 10 
2 9 3 6 1 
7 3 6 10 9 2 
1 6 2 
6 3 2 9 10 5 
9 2 1 8 
10 1 3 7 6 
2 9 4 7 5 
1 5 3 
2 9 8 1 
5 8 3 7 9 4 10 
8 2 10 5 6 9 4 
7 6 2 4 8 
7 8 4 3 6 
5 1 9 7 
3 5 9 8 
6 7 3 1 4 10 
8 7 4 5 10 
3 4 2 
3 9 5 7 6 
2 6 3 5 
6 2 10 9 
7 10 6 3 4 
5 4 9 
7 4 10 3 5 
2 10 5 9 6 4 
1 7 5 
9 2 8 3 1 6 
10 6 2 9 
8 9 4 10 1 7 
6 1 10 4 8 
6 1 9 
6 8 2 5 3 
4 3 6 9 7 10 
4 8 9 3 6 1 10 
7 9 4 2 8 
5 3 7 1 9 
9 6 5 3 1 10 7 
7 1 9 2 
9 1 3 8 2 5 7 
10 3 9 2 7 
3 4 5 
2 5 8 
10 3 1 
9 5 2 3 8 4 7 
4 2 5 10 8 
3 9 7 5 2 1 6 
2 6 10 7 5 
5 6 2 8 
6 9 2 1 8 4 
4 3 10 9 2 6 
9 1 8 4 
7 6 1 10 5 2 8 
1 2 7 10 6 
10 4 1 5 7 
7 4 6 
2 8 10 
2 3 7 9 5 6 8 
***P*** 
46.0 74.0 -1.0 -1.0 -1.0 10.0 -1.0 -1.0 -1.0 -1.0 
24.0 43.0 47.0 54.0 54.0 -1.0 -1.0 16.0 30.0 -1.0 
-1.0 54.0 54.0 -1.0 76.0 -1.0 48.0 42.0 62.0 78.0 
68.0 44.0 34.0 -1.0 25.0 -1.0 -1.0 24.0 98.0 -1.0 
89.0 -1.0 -1.0 -1.0 25.0 -1.0 -1.0 -1.0 -1.0 100.0 
-1.0 14.0 98.0 74.0 90.0 -1.0 -1.0 -1.0 99.0 -1.0 
63.0 -1.0 81.0 -1.0 84.0 -1.0 -1.0 -1.0 -1.0 87.0 
-1.0 -1.0 -1.0 -1.0 -1.0 73.0 -1.0 97.0 13.0 -1.0 
-1.0 -1.0 -1.0 46.0 78.0 60.0 92.0 -1.0 -1.0 -1.0 
-1.0 100.0 -1.0 44.0 34.0 94.0 10.0 27.0 -1.0 -1.0 
87.0 65.0 48.0 61.0 -1.0 91.0 -1.0 11.0 -1.0 39.0 
35.0 -1.0 96.0 -1.0 -1.0 -1.0 66.0 -1.0 33.0 -1.0 
-1.0 -1.0 -1.0 -1.0 -1.0 57.0 38.0 -1.0 63.0 -1.0 
-1.0 -1.0 76.0 -1.0 -1.0 26.0 43.0 83.0 42.0 -1.0 
96.0 73.0 81.0 92.0 54.0 -1.0 -1.0 -1.0 -1.0 61.0 
12.0 -1.0 77.0 -1.0 -1.0 27.0 -1.0 -1.0 42.0 82.0 
-1.0 11.0 36.0 22.0 -1.0 -1.0 17.0 -1.0 -1.0 -1.0 
-1.0 29.0 13.0 -1.0 23.0 14.0 31.0 99.0 -1.0 13.0 
75.0 -1.0 -1.0 -1.0 -1.0 -1.0 -1.0 -1.0 78.0 12.0 
50.0 47.0 -1.0 57.0 19.0 -1.0 69.0 -1.0 -1.0 -1.0 
-1.0 -1.0 28.0 -1.0 -1.0 -1.0 -1.0 -1.0 52.0 38.0 
-1.0 -1.0 -1.0 -1.0 -1.0 16.0 71.0 26.0 -1.0 -1.0 
11.0 -1.0 77.0 32.0 10.0 70.0 -1.0 24.0 76.0 -1.0 
98.0 25.0 -1.0 -1.0 -1.0 -1.0 66.0 43.0 -1.0 -1.0 
29.0 15.0 32.0 -1.0 -1.0 -1.0 26.0 -1.0 -1.0 -1.0 
33.0 44.0 20.0 -1.0 43.0 22.0 13.0 -1.0 -1.0 -1.0 
-1.0 74.0 66.0 19.0 -1.0 -1.0 33.0 20.0 -1.0 -1.0 
-1.0 67.0 -1.0 -1.0 87.0 93.0 -1.0 78.0 59.0 -1.0 
58.0 26.0 -1.0 42.0 -1.0 48.0 -1.0 -1.0 -1.0 89.0 
36.0 -1.0 53.0 81.0 -1.0 -1.0 -1.0 -1.0 -1.0 -1.0 
18.0 -1.0 -1.0 18.0 -1.0 -1.0 58.0 51.0 -1.0 -1.0 
43.0 -1.0 -1.0 -1.0 58.0 66.0 50.0 -1.0 -1.0 -1.0 
-1.0 -1.0 -1.0 85.0 22.0 72.0 79.0 83.0 -1.0 39.0 
-1.0 88.0 -1.0 90.0 37.0 74.0 31.0 -1.0 49.0 73.0 
61.0 -1.0 -1.0 -1.0 75.0 57.0 -1.0 -1.0 -1.0 -1.0 
48.0 52.0 14.0 -1.0 91.0 83.0 -1.0 -1.0 -1.0 -1.0 
43.0 50.0 -1.0 -1.0 72.0 -1.0 57.0 10.0 -1.0 70.0 
24.0 55.0 43.0 88.0 -1.0 -1.0 -1.0 -1.0 -1.0 -1.0 
-1.0 -1.0 64.0 92.0 42.0 80.0 37.0 -1.0 26.0 25.0 
63.0 -1.0 -1.0 -1.0 -1.0 63.0 33.0 -1.0 -1.0 35.0 
-1.0 79.0 -1.0 -1.0 13.0 -1.0 51.0 -1.0 91.0 -1.0 
75.0 55.0 42.0 14.0 -1.0 -1.0 -1.0 -1.0 95.0 -1.0 
22.0 -1.0 99.0 98.0 30.0 71.0 15.0 78.0 -1.0 -1.0 
13.0 67.0 -1.0 77.0 -1.0 -1.0 -1.0 -1.0 -1.0 97.0 
-1.0 -1.0 -1.0 -1.0 81.0 -1.0 86.0 45.0 -1.0 -1.0 
-1.0 -1.0 99.0 24.0 -1.0 17.0 53.0 76.0 -1.0 99.0 
15.0 -1.0 59.0 36.0 -1.0 45.0 34.0 -1.0 -1.0 -1.0 
-1.0 16.0 -1.0 -1.0 19.0 94.0 -1.0 -1.0 64.0 22.0 
78.0 -1.0 -1.0 58.0 -1.0 92.0 75.0 10.0 84.0 -1.0 
70.0 87.0 37.0 59.0 -1.0 -1.0 25.0 -1.0 67.0 93.0 
99.0 98.0 -1.0 13.0 81.0 -1.0 13.0 -1.0 95.0 97.0 
15.0 73.0 38.0 88.0 22.0 82.0 -1.0 -1.0 -1.0 67.0 
96.0 43.0 57.0 -1.0 -1.0 82.0 34.0 38.0 -1.0 26.0 
71.0 82.0 -1.0 -1.0 14.0 -1.0 -1.0 21.0 -1.0 -1.0 
64.0 36.0 -1.0 -1.0 -1.0 35.0 -1.0 -1.0 -1.0 -1.0 
-1.0 -1.0 -1.0 -1.0 87.0 70.0 50.0 41.0 -1.0 14.0 
77.0 64.0 -1.0 18.0 -1.0 38.0 18.0 89.0 -1.0 71.0 
-1.0 -1.0 -1.0 -1.0 -1.0 35.0 44.0 -1.0 -1.0 12.0 
67.0 48.0 -1.0 -1.0 -1.0 19.0 45.0 -1.0 -1.0 -1.0 
-1.0 -1.0 -1.0 -1.0 94.0 95.0 -1.0 13.0 19.0 79.0 
-1.0 42.0 -1.0 -1.0 -1.0 -1.0 89.0 -1.0 64.0 -1.0 
44.0 17.0 -1.0 -1.0 -1.0 28.0 -1.0 46.0 64.0 47.0 
-1.0 25.0 -1.0 -1.0 35.0 18.0 -1.0 87.0 -1.0 -1.0 
-1.0 -1.0 54.0 40.0 80.0 -1.0 -1.0 -1.0 46.0 -1.0 
41.0 -1.0 -1.0 83.0 -1.0 23.0 -1.0 98.0 -1.0 -1.0 
-1.0 19.0 -1.0 52.0 93.0 64.0 56.0 -1.0 45.0 -1.0 
-1.0 100.0 -1.0 21.0 14.0 -1.0 -1.0 76.0 36.0 -1.0 
-1.0 -1.0 -1.0 94.0 -1.0 -1.0 45.0 94.0 15.0 -1.0 
88.0 84.0 -1.0 60.0 89.0 -1.0 77.0 -1.0 83.0 13.0 
17.0 70.0 -1.0 96.0 89.0 13.0 13.0 13.0 -1.0 -1.0 
70.0 100.0 -1.0 -1.0 -1.0 76.0 86.0 -1.0 41.0 36.0 
31.0 -1.0 88.0 31.0 -1.0 -1.0 -1.0 -1.0 42.0 80.0 
22.0 -1.0 37.0 66.0 -1.0 -1.0 -1.0 -1.0 98.0 -1.0 
-1.0 93.0 -1.0 79.0 80.0 -1.0 -1.0 48.0 66.0 -1.0 
-1.0 -1.0 66.0 49.0 -1.0 -1.0 -1.0 10.0 72.0 -1.0 
-1.0 -1.0 -1.0 54.0 -1.0 72.0 65.0 31.0 -1.0 95.0 
-1.0 -1.0 16.0 22.0 88.0 -1.0 -1.0 55.0 -1.0 36.0 
29.0 47.0 66.0 -1.0 39.0 -1.0 -1.0 -1.0 -1.0 47.0 
-1.0 46.0 26.0 27.0 -1.0 -1.0 -1.0 -1.0 29.0 54.0 
31.0 83.0 -1.0 -1.0 37.0 71.0 59.0 -1.0 -1.0 53.0 
-1.0 -1.0 91.0 82.0 21.0 -1.0 42.0 -1.0 -1.0 -1.0 
-1.0 -1.0 -1.0 -1.0 -1.0 29.0 40.0 80.0 92.0 66.0 
-1.0 40.0 33.0 -1.0 -1.0 -1.0 -1.0 26.0 -1.0 -1.0 
-1.0 74.0 35.0 32.0 30.0 -1.0 44.0 -1.0 -1.0 46.0 
69.0 -1.0 10.0 -1.0 15.0 72.0 -1.0 -1.0 -1.0 -1.0 
83.0 -1.0 -1.0 58.0 -1.0 41.0 -1.0 -1.0 68.0 -1.0 
41.0 -1.0 -1.0 -1.0 54.0 -1.0 -1.0 -1.0 -1.0 81.0 
39.0 -1.0 96.0 69.0 -1.0 -1.0 -1.0 53.0 45.0 -1.0 
-1.0 87.0 98.0 86.0 12.0 -1.0 -1.0 27.0 -1.0 -1.0 
87.0 11.0 -1.0 100.0 -1.0 67.0 54.0 51.0 -1.0 32.0 
96.0 -1.0 90.0 90.0 -1.0 -1.0 55.0 81.0 -1.0 -1.0 
-1.0 13.0 -1.0 -1.0 -1.0 62.0 -1.0 12.0 54.0 -1.0 
-1.0 73.0 -1.0 58.0 72.0 -1.0 60.0 89.0 -1.0 -1.0 
-1.0 -1.0 22.0 50.0 -1.0 -1.0 71.0 -1.0 57.0 59.0 
-1.0 47.0 22.0 60.0 -1.0 58.0 36.0 96.0 -1.0 12.0 
-1.0 -1.0 -1.0 65.0 -1.0 38.0 -1.0 -1.0 -1.0 11.0 
-1.0 -1.0 -1.0 94.0 55.0 72.0 -1.0 -1.0 -1.0 74.0 
88.0 45.0 94.0 18.0 -1.0 56.0 -1.0 38.0 58.0 -1.0 
42.0 83.0 53.0 83.0 43.0 70.0 77.0 -1.0 -1.0 -1.0 
48.0 42.0 59.0 -1.0 -1.0 30.0 15.0 40.0 -1.0 -1.0 
-1.0 -1.0 -1.0 -1.0 58.0 -1.0 -1.0 56.0 17.0 -1.0 
-1.0 -1.0 40.0 -1.0 49.0 -1.0 -1.0 70.0 78.0 44.0 
-1.0 -1.0 68.0 -1.0 22.0 85.0 39.0 23.0 55.0 54.0 
43.0 80.0 59.0 -1.0 51.0 83.0 -1.0 -1.0 -1.0 -1.0 
30.0 18.0 43.0 65.0 29.0 -1.0 -1.0 -1.0 39.0 -1.0 
-1.0 40.0 16.0 -1.0 -1.0 -1.0 -1.0 21.0 34.0 34.0 
93.0 -1.0 -1.0 98.0 -1.0 30.0 53.0 -1.0 -1.0 93.0 
-1.0 -1.0 88.0 -1.0 -1.0 10.0 65.0 90.0 -1.0 -1.0 
-1.0 -1.0 95.0 -1.0 83.0 -1.0 -1.0 92.0 100.0 32.0 
77.0 11.0 -1.0 20.0 -1.0 94.0 -1.0 44.0 -1.0 -1.0 
-1.0 -1.0 -1.0 -1.0 33.0 -1.0 -1.0 40.0 -1.0 84.0 
-1.0 78.0 50.0 61.0 -1.0 -1.0 -1.0 -1.0 83.0 -1.0 
82.0 78.0 48.0 85.0 67.0 -1.0 43.0 -1.0 -1.0 -1.0 
83.0 -1.0 51.0 -1.0 -1.0 -1.0 -1.0 71.0 -1.0 -1.0 
-1.0 35.0 64.0 31.0 77.0 19.0 91.0 16.0 -1.0 -1.0 
-1.0 -1.0 44.0 -1.0 -1.0 -1.0 29.0 47.0 28.0 -1.0 
-1.0 12.0 -1.0 75.0 49.0 -1.0 94.0 -1.0 68.0 -1.0 
92.0 -1.0 -1.0 -1.0 -1.0 97.0 76.0 -1.0 92.0 -1.0 
41.0 -1.0 34.0 -1.0 47.0 -1.0 -1.0 -1.0 -1.0 -1.0 
-1.0 -1.0 33.0 64.0 -1.0 -1.0 -1.0 13.0 84.0 24.0 
26.0 37.0 -1.0 63.0 -1.0 22.0 -1.0 -1.0 -1.0 -1.0 
73.0 -1.0 64.0 -1.0 -1.0 72.0 -1.0 -1.0 44.0 -1.0 
94.0 23.0 24.0 14.0 38.0 -1.0 24.0 -1.0 -1.0 89.0 
33.0 -1.0 -1.0 97.0 50.0 71.0 93.0 85.0 -1.0 55.0 
60.0 -1.0 28.0 88.0 96.0 39.0 -1.0 87.0 -1.0 23.0 
-1.0 -1.0 -1.0 51.0 -1.0 62.0 50.0 52.0 79.0 10.0 
-1.0 96.0 40.0 -1.0 98.0 -1.0 69.0 -1.0 -1.0 61.0 
45.0 53.0 97.0 -1.0 -1.0 -1.0 -1.0 80.0 -1.0 -1.0 
47.0 -1.0 36.0 34.0 86.0 67.0 20.0 -1.0 26.0 -1.0 
100.0 86.0 -1.0 32.0 -1.0 18.0 95.0 79.0 82.0 -1.0 
37.0 -1.0 -1.0 41.0 -1.0 -1.0 73.0 55.0 -1.0 -1.0 
11.0 49.0 39.0 30.0 -1.0 -1.0 -1.0 -1.0 -1.0 -1.0 
-1.0 -1.0 66.0 86.0 69.0 -1.0 94.0 -1.0 -1.0 56.0 
-1.0 -1.0 51.0 -1.0 12.0 15.0 -1.0 -1.0 63.0 -1.0 
36.0 -1.0 -1.0 88.0 18.0 51.0 -1.0 -1.0 -1.0 -1.0 
-1.0 36.0 -1.0 -1.0 -1.0 23.0 97.0 60.0 18.0 -1.0 
97.0 32.0 -1.0 -1.0 94.0 -1.0 37.0 35.0 54.0 53.0 
44.0 100.0 54.0 -1.0 -1.0 52.0 -1.0 71.0 77.0 -1.0 
-1.0 100.0 -1.0 85.0 39.0 72.0 37.0 28.0 -1.0 78.0 
-1.0 100.0 -1.0 66.0 28.0 80.0 -1.0 -1.0 56.0 -1.0 
-1.0 -1.0 -1.0 -1.0 20.0 17.0 43.0 64.0 -1.0 -1.0 
-1.0 89.0 31.0 -1.0 82.0 -1.0 51.0 28.0 78.0 23.0 
75.0 -1.0 55.0 -1.0 27.0 13.0 -1.0 13.0 35.0 68.0 
-1.0 -1.0 -1.0 27.0 20.0 63.0 33.0 -1.0 45.0 -1.0 
40.0 88.0 -1.0 76.0 -1.0 69.0 28.0 -1.0 73.0 -1.0 
-1.0 86.0 -1.0 -1.0 -1.0 28.0 33.0 -1.0 -1.0 31.0 
48.0 -1.0 -1.0 -1.0 -1.0 -1.0 48.0 10.0 -1.0 -1.0 
72.0 34.0 61.0 27.0 50.0 -1.0 -1.0 -1.0 14.0 -1.0 
53.0 27.0 99.0 -1.0 -1.0 -1.0 -1.0 -1.0 -1.0 -1.0 
-1.0 -1.0 -1.0 94.0 -1.0 33.0 -1.0 14.0 57.0 12.0 
-1.0 93.0 62.0 42.0 88.0 -1.0 -1.0 -1.0 51.0 44.0 
69.0 23.0 45.0 88.0 59.0 84.0 47.0 -1.0 -1.0 -1.0 
70.0 -1.0 50.0 78.0 14.0 -1.0 -1.0 -1.0 -1.0 49.0 
-1.0 -1.0 90.0 55.0 90.0 -1.0 -1.0 -1.0 51.0 -1.0 
89.0 76.0 -1.0 28.0 -1.0 -1.0 -1.0 19.0 44.0 90.0 
-1.0 -1.0 16.0 46.0 34.0 41.0 -1.0 96.0 27.0 28.0 
-1.0 -1.0 -1.0 -1.0 56.0 -1.0 32.0 46.0 81.0 -1.0 
-1.0 43.0 -1.0 18.0 -1.0 72.0 56.0 46.0 77.0 49.0 
-1.0 -1.0 29.0 -1.0 -1.0 89.0 27.0 -1.0 41.0 -1.0 
24.0 73.0 -1.0 -1.0 96.0 -1.0 -1.0 -1.0 82.0 -1.0 
78.0 -1.0 26.0 29.0 -1.0 48.0 83.0 -1.0 -1.0 13.0 
-1.0 75.0 -1.0 10.0 70.0 83.0 -1.0 -1.0 -1.0 69.0 
-1.0 -1.0 -1.0 69.0 17.0 13.0 38.0 87.0 35.0 86.0 
16.0 37.0 92.0 -1.0 -1.0 47.0 -1.0 -1.0 21.0 -1.0 
-1.0 55.0 52.0 -1.0 -1.0 45.0 86.0 -1.0 79.0 78.0 
72.0 43.0 -1.0 -1.0 -1.0 80.0 -1.0 -1.0 -1.0 -1.0 
-1.0 10.0 31.0 -1.0 89.0 67.0 -1.0 -1.0 99.0 28.0 
27.0 54.0 -1.0 -1.0 -1.0 -1.0 -1.0 16.0 10.0 -1.0 
24.0 -1.0 90.0 -1.0 -1.0 93.0 31.0 -1.0 -1.0 41.0 
-1.0 29.0 -1.0 42.0 33.0 -1.0 81.0 -1.0 79.0 -1.0 
96.0 -1.0 45.0 -1.0 51.0 -1.0 -1.0 -1.0 -1.0 -1.0 
24.0 19.0 -1.0 -1.0 -1.0 -1.0 -1.0 57.0 95.0 -1.0 
-1.0 -1.0 17.0 28.0 51.0 -1.0 19.0 60.0 55.0 27.0 
-1.0 62.0 -1.0 53.0 21.0 41.0 -1.0 74.0 53.0 10.0 
-1.0 70.0 -1.0 54.0 -1.0 37.0 41.0 47.0 -1.0 -1.0 
-1.0 -1.0 70.0 54.0 -1.0 65.0 47.0 88.0 -1.0 -1.0 
55.0 -1.0 -1.0 -1.0 39.0 -1.0 82.0 -1.0 25.0 -1.0 
-1.0 -1.0 47.0 -1.0 88.0 -1.0 -1.0 31.0 86.0 -1.0 
52.0 -1.0 54.0 77.0 -1.0 56.0 59.0 -1.0 -1.0 55.0 
-1.0 -1.0 -1.0 12.0 51.0 -1.0 38.0 40.0 -1.0 13.0 
-1.0 66.0 84.0 39.0 -1.0 -1.0 -1.0 -1.0 -1.0 -1.0 
-1.0 -1.0 66.0 -1.0 29.0 70.0 87.0 -1.0 87.0 -1.0 
-1.0 80.0 17.0 -1.0 50.0 83.0 -1.0 -1.0 -1.0 -1.0 
-1.0 13.0 -1.0 -1.0 -1.0 95.0 -1.0 -1.0 77.0 60.0 
-1.0 -1.0 23.0 59.0 -1.0 24.0 25.0 -1.0 -1.0 31.0 
-1.0 -1.0 -1.0 75.0 63.0 -1.0 -1.0 -1.0 79.0 -1.0 
-1.0 -1.0 90.0 63.0 62.0 -1.0 61.0 -1.0 -1.0 93.0 
-1.0 68.0 -1.0 97.0 73.0 27.0 -1.0 -1.0 63.0 100.0 
75.0 -1.0 -1.0 -1.0 81.0 -1.0 22.0 -1.0 -1.0 -1.0 
79.0 45.0 76.0 -1.0 -1.0 12.0 -1.0 100.0 41.0 -1.0 
-1.0 87.0 -1.0 -1.0 -1.0 50.0 -1.0 -1.0 77.0 61.0 
62.0 -1.0 -1.0 33.0 -1.0 -1.0 46.0 63.0 16.0 53.0 
77.0 -1.0 -1.0 60.0 -1.0 37.0 -1.0 19.0 -1.0 42.0 
21.0 -1.0 -1.0 -1.0 -1.0 79.0 -1.0 -1.0 21.0 -1.0 
-1.0 18.0 93.0 -1.0 49.0 51.0 -1.0 84.0 -1.0 -1.0 
-1.0 -1.0 63.0 42.0 -1.0 81.0 76.0 -1.0 52.0 64.0 
55.0 -1.0 11.0 63.0 -1.0 17.0 -1.0 68.0 18.0 71.0 
-1.0 63.0 -1.0 60.0 -1.0 -1.0 75.0 83.0 29.0 -1.0 
91.0 -1.0 54.0 -1.0 65.0 -1.0 90.0 -1.0 72.0 -1.0 
80.0 -1.0 57.0 -1.0 22.0 87.0 82.0 -1.0 82.0 83.0 
97.0 67.0 -1.0 -1.0 -1.0 -1.0 67.0 -1.0 46.0 -1.0 
32.0 88.0 63.0 -1.0 32.0 -1.0 86.0 15.0 100.0 -1.0 
-1.0 83.0 26.0 -1.0 -1.0 -1.0 29.0 -1.0 14.0 40.0 
-1.0 -1.0 21.0 42.0 67.0 -1.0 -1.0 -1.0 -1.0 -1.0 
-1.0 14.0 -1.0 -1.0 48.0 -1.0 -1.0 45.0 -1.0 -1.0 
79.0 -1.0 87.0 -1.0 -1.0 -1.0 -1.0 -1.0 -1.0 11.0 
-1.0 61.0 11.0 89.0 14.0 -1.0 97.0 10.0 18.0 -1.0 
-1.0 17.0 -1.0 31.0 38.0 -1.0 -1.0 89.0 -1.0 45.0 
61.0 40.0 97.0 -1.0 15.0 20.0 51.0 -1.0 52.0 -1.0 
-1.0 82.0 -1.0 -1.0 94.0 34.0 77.0 -1.0 -1.0 58.0 
-1.0 94.0 -1.0 -1.0 61.0 60.0 -1.0 51.0 -1.0 -1.0 
62.0 39.0 -1.0 47.0 -1.0 58.0 -1.0 46.0 100.0 -1.0 
-1.0 60.0 85.0 50.0 -1.0 68.0 -1.0 -1.0 95.0 58.0 
21.0 -1.0 -1.0 58.0 -1.0 -1.0 -1.0 40.0 27.0 -1.0 
91.0 51.0 -1.0 -1.0 98.0 94.0 89.0 47.0 -1.0 86.0 
63.0 46.0 -1.0 -1.0 -1.0 93.0 53.0 -1.0 -1.0 98.0 
53.0 -1.0 -1.0 29.0 77.0 -1.0 23.0 -1.0 -1.0 66.0 
-1.0 -1.0 -1.0 77.0 -1.0 86.0 64.0 -1.0 -1.0 -1.0 
-1.0 89.0 -1.0 -1.0 -1.0 -1.0 -1.0 84.0 -1.0 25.0 
-1.0 14.0 71.0 -1.0 58.0 64.0 98.0 77.0 75.0 -1.0 
