***n m*** 
20 10 
***h*** 
11 11 8 10 15 10 8 12 14 6 10 13 8 15 14 14 7 6 14 5 
***d*** 
949.59 241.6 1589.28 1385.94 2233.93 929.03 1611.6 1719.65 1713.56 1351.51 240.09 1658.29 2022.28 981.26 2204.71 1756.31 221.52 1350.3 1721.97 210.79 
***M*** 
9 2 1 6 3 
1 6 2 4 10 8 
3 1 6 4 8 
3 4 8 2 1 9 10 
8 1 10 9 6 2 
9 5 3 2 1 8 
1 2 3 7 5 6 
3 9 2 
10 9 7 1 2 
8 9 10 3 2 
10 4 9 
1 6 9 2 4 3 
10 8 1 6 9 3 7 
1 9 2 5 8 
7 9 1 8 6 
3 8 10 
8 6 1 9 7 
1 6 9 5 
10 2 3 5 4 1 
3 5 9 8 1 
7 5 2 9 10 4 8 
1 5 9 7 4 6 10 
10 7 9 4 6 
5 9 8 
2 6 3 
8 1 4 7 10 2 6 
4 2 6 10 
8 5 4 10 1 3 6 
8 10 9 6 1 4 2 
2 5 8 7 3 
6 3 5 8 4 
6 7 4 2 
8 6 2 7 
7 9 3 2 6 10 
9 2 3 1 8 5 
8 3 4 6 1 9 10 
7 9 5 2 
6 4 8 7 10 5 
8 10 6 5 2 
5 1 6 10 
3 8 2 9 10 4 7 
10 2 1 5 
6 1 7 3 2 5 8 
3 4 6 8 5 9 
8 3 1 4 2 6 
2 3 10 4 1 
10 2 8 
4 10 1 6 8 
2 8 3 7 
2 10 4 7 6 
7 6 8 1 4 
1 9 2 
4 10 1 9 2 
1 10 7 2 6 9 4 
5 8 4 
4 8 9 3 1 5 
9 8 10 2 7 5 1 
1 7 10 
6 7 1 3 
8 1 4 2 6 
8 7 2 3 
10 4 9 3 
2 9 4 3 10 
8 7 5 6 3 1 4 
7 10 2 3 6 
2 3 8 4 9 10 
6 5 8 4 
7 6 10 1 5 4 2 
1 8 2 10 
1 6 5 9 8 10 2 
5 10 7 1 
6 2 7 10 5 4 1 
8 1 5 9 10 
7 5 4 1 10 
9 2 4 10 
9 7 10 1 
8 6 10 7 
2 1 4 8 6 5 
3 4 6 
10 5 4 7 8 6 9 
4 1 2 10 7 
4 5 3 8 
5 7 9 6 10 8 
9 3 7 4 10 1 2 
7 1 10 3 2 5 4 
6 8 1 7 2 
1 7 9 8 5 6 
1 6 5 10 
1 9 6 4 7 
2 10 3 9 6 8 
10 1 3 2 9 7 
2 4 9 10 8 6 1 
9 4 10 7 5 
4 1 2 
10 3 2 8 6 4 
1 7 8 3 
9 8 7 10 4 2 
3 4 5 7 10 1 
8 4 7 5 10 
4 3 1 9 5 6 2 
3 2 4 
6 5 4 8 
5 8 2 
5 6 9 4 2 
1 4 8 6 
7 9 8 5 2 6 
4 10 6 1 7 
9 2 10 5 7 4 8 
8 6 5 1 4 2 7 
1 7 2 4 10 8 9 
3 2 8 6 
4 1 6 8 9 3 5 
10 3 4 2 1 
6 10 4 1 7 
3 6 1 10 2 8 9 
2 8 9 5 6 7 
4 6 7 
8 9 6 7 1 
1 9 2 
10 8 3 6 4 2 
9 1 8 
3 6 10 1 7 4 8 
9 6 2 7 1 
7 3 6 9 4 1 
4 9 5 2 
4 5 2 
4 1 10 
3 7 6 8 2 9 5 
5 1 6 7 3 
3 9 6 
9 1 6 4 8 2 5 
10 2 6 5 8 1 4 
1 5 7 4 
8 10 4 9 7 3 2 
6 2 1 9 
3 6 7 9 8 
10 6 4 3 
2 10 5 8 
5 6 7 
2 8 3 6 
6 3 7 8 10 9 4 
8 4 3 10 7 2 1 
3 7 5 9 6 1 10 
5 9 2 8 10 
1 6 9 
1 2 7 3 9 10 4 
6 8 9 2 7 
9 2 3 4 1 6 10 
8 4 5 10 1 9 2 
4 10 2 9 3 1 
9 10 3 7 4 6 
7 3 10 6 9 8 
4 9 8 6 7 5 3 
6 8 3 7 5 
2 10 1 8 9 7 
6 9 7 8 10 2 
1 4 5 2 7 3 
8 6 2 7 
10 4 1 8 6 2 
5 8 10 2 7 9 1 
5 3 10 7 6 9 
9 7 2 8 6 1 
4 9 3 5 7 
5 2 10 7 
1 2 9 3 
1 3 7 9 4 
5 2 6 3 4 9 8 
10 9 4 5 
3 4 8 
10 1 5 7 2 
8 7 3 6 9 
3 9 10 8 4 5 7 
3 6 9 8 7 4 2 
2 4 1 10 3 5 
6 10 8 2 
3 9 10 2 7 8 
6 4 7 5 9 10 8 
1 5 4 
1 2 4 3 10 9 
1 7 8 4 6 
2 4 1 8 7 5 
7 9 6 3 10 1 
7 8 3 
6 4 3 10 2 9 
3 2 4 
2 6 7 1 
2 7 1 3 4 5 6 
10 7 6 9 2 5 4 
10 9 3 
10 4 3 
9 1 10 5 8 4 7 
1 2 5 10 4 
4 10 9 7 
10 2 5 
2 9 5 8 
7 3 2 1 10 
10 1 4 
4 5 6 1 7 2 10 
9 10 6 
4 2 5 9 
3 9 1 2 8 6 
3 7 2 
7 1 3 4 10 2 
3 2 9 7 6 
3 7 9 4 
8 2 3 4 9 10 6 
7 6 3 1 4 10 
3 4 6 
1 7 4 5 10 9 3 
6 5 1 9 10 
10 1 3 5 2 6 
***P*** 
37.0 23.0 97.0 -1.0 -1.0 22.0 -1.0 -1.0 76.0 -1.0 
53.0 16.0 -1.0 81.0 -1.0 75.0 -1.0 42.0 -1.0 13.0 
99.0 -1.0 96.0 76.0 -1.0 48.0 -1.0 30.0 -1.0 -1.0 
31.0 62.0 51.0 61.0 -1.0 -1.0 -1.0 70.0 22.0 83.0 
38.0 29.0 -1.0 -1.0 -1.0 46.0 -1.0 75.0 60.0 90.0 
95.0 28.0 100.0 -1.0 13.0 -1.0 -1.0 100.0 26.0 -1.0 
65.0 94.0 44.0 -1.0 100.0 35.0 19.0 -1.0 -1.0 -1.0 
-1.0 55.0 62.0 -1.0 -1.0 -1.0 -1.0 -1.0 76.0 -1.0 
74.0 97.0 -1.0 -1.0 -1.0 -1.0 32.0 -1.0 84.0 35.0 
-1.0 95.0 38.0 -1.0 -1.0 -1.0 -1.0 29.0 86.0 89.0 
-1.0 -1.0 -1.0 13.0 -1.0 -1.0 -1.0 -1.0 16.0 57.0 
63.0 87.0 39.0 38.0 -1.0 15.0 -1.0 -1.0 72.0 -1.0 
42.0 -1.0 81.0 -1.0 -1.0 29.0 56.0 66.0 21.0 69.0 
80.0 11.0 -1.0 -1.0 61.0 -1.0 -1.0 24.0 35.0 -1.0 
14.0 -1.0 -1.0 -1.0 -1.0 94.0 57.0 100.0 96.0 -1.0 
-1.0 -1.0 35.0 -1.0 -1.0 -1.0 -1.0 82.0 -1.0 70.0 
25.0 -1.0 -1.0 -1.0 -1.0 15.0 28.0 96.0 67.0 -1.0 
90.0 -1.0 -1.0 -1.0 78.0 35.0 -1.0 -1.0 83.0 -1.0 
63.0 96.0 72.0 28.0 96.0 -1.0 -1.0 -1.0 -1.0 17.0 
47.0 -1.0 67.0 -1.0 41.0 -1.0 -1.0 46.0 23.0 -1.0 
-1.0 34.0 -1.0 74.0 17.0 -1.0 21.0 54.0 68.0 59.0 
92.0 -1.0 -1.0 78.0 65.0 98.0 55.0 -1.0 76.0 96.0 
-1.0 -1.0 -1.0 40.0 -1.0 63.0 22.0 -1.0 39.0 91.0 
-1.0 -1.0 -1.0 -1.0 88.0 -1.0 -1.0 95.0 17.0 -1.0 
-1.0 14.0 40.0 -1.0 -1.0 84.0 -1.0 -1.0 -1.0 -1.0 
36.0 66.0 -1.0 44.0 -1.0 30.0 88.0 99.0 -1.0 36.0 
-1.0 21.0 -1.0 87.0 -1.0 24.0 -1.0 -1.0 -1.0 95.0 
97.0 -1.0 48.0 100.0 77.0 93.0 -1.0 24.0 -1.0 86.0 
94.0 48.0 -1.0 82.0 -1.0 54.0 -1.0 11.0 55.0 32.0 
-1.0 76.0 30.0 -1.0 88.0 -1.0 33.0 28.0 -1.0 -1.0 
-1.0 -1.0 94.0 78.0 64.0 50.0 -1.0 85.0 -1.0 -1.0 
-1.0 45.0 -1.0 49.0 -1.0 93.0 67.0 -1.0 -1.0 -1.0 
-1.0 17.0 -1.0 -1.0 -1.0 86.0 31.0 46.0 -1.0 -1.0 
-1.0 41.0 79.0 -1.0 -1.0 72.0 61.0 -1.0 25.0 60.0 
65.0 94.0 73.0 -1.0 49.0 -1.0 -1.0 12.0 30.0 -1.0 
68.0 -1.0 15.0 72.0 -1.0 99.0 -1.0 66.0 76.0 59.0 
-1.0 30.0 -1.0 -1.0 12.0 -1.0 79.0 -1.0 52.0 -1.0 
-1.0 -1.0 -1.0 93.0 63.0 26.0 96.0 74.0 -1.0 80.0 
-1.0 33.0 -1.0 -1.0 75.0 41.0 -1.0 40.0 -1.0 26.0 
27.0 -1.0 -1.0 -1.0 47.0 14.0 -1.0 -1.0 -1.0 22.0 
-1.0 35.0 100.0 93.0 -1.0 -1.0 57.0 70.0 98.0 100.0 
88.0 57.0 -1.0 -1.0 58.0 -1.0 -1.0 -1.0 -1.0 65.0 
98.0 95.0 12.0 -1.0 96.0 68.0 31.0 61.0 -1.0 -1.0 
-1.0 -1.0 13.0 77.0 40.0 91.0 -1.0 51.0 20.0 -1.0 
78.0 45.0 48.0 20.0 -1.0 96.0 -1.0 70.0 -1.0 -1.0 
94.0 22.0 65.0 77.0 -1.0 -1.0 -1.0 -1.0 -1.0 81.0 
-1.0 50.0 -1.0 -1.0 -1.0 -1.0 -1.0 76.0 -1.0 29.0 
25.0 -1.0 -1.0 56.0 -1.0 53.0 -1.0 43.0 -1.0 17.0 
-1.0 91.0 48.0 -1.0 -1.0 -1.0 75.0 44.0 -1.0 -1.0 
-1.0 38.0 -1.0 10.0 -1.0 79.0 79.0 -1.0 -1.0 98.0 
60.0 -1.0 -1.0 28.0 -1.0 59.0 86.0 64.0 -1.0 -1.0 
71.0 42.0 -1.0 -1.0 -1.0 -1.0 -1.0 -1.0 48.0 -1.0 
41.0 57.0 -1.0 77.0 -1.0 -1.0 -1.0 -1.0 32.0 73.0 
37.0 38.0 -1.0 13.0 -1.0 94.0 89.0 -1.0 87.0 90.0 
-1.0 -1.0 -1.0 85.0 43.0 -1.0 -1.0 34.0 -1.0 -1.0 
26.0 -1.0 42.0 76.0 15.0 -1.0 -1.0 67.0 44.0 -1.0 
76.0 28.0 -1.0 -1.0 55.0 -1.0 70.0 41.0 77.0 90.0 
58.0 -1.0 -1.0 -1.0 -1.0 -1.0 43.0 -1.0 -1.0 40.0 
48.0 -1.0 25.0 -1.0 -1.0 79.0 46.0 -1.0 -1.0 -1.0 
72.0 18.0 -1.0 58.0 -1.0 81.0 -1.0 63.0 -1.0 -1.0 
-1.0 12.0 35.0 -1.0 -1.0 -1.0 95.0 68.0 -1.0 -1.0 
-1.0 -1.0 27.0 18.0 -1.0 -1.0 -1.0 -1.0 62.0 24.0 
-1.0 23.0 74.0 98.0 -1.0 -1.0 -1.0 -1.0 59.0 27.0 
70.0 -1.0 22.0 65.0 71.0 14.0 99.0 75.0 -1.0 -1.0 
-1.0 67.0 26.0 -1.0 -1.0 79.0 92.0 -1.0 -1.0 92.0 
-1.0 23.0 66.0 64.0 -1.0 -1.0 -1.0 100.0 25.0 21.0 
-1.0 -1.0 -1.0 73.0 20.0 86.0 -1.0 12.0 -1.0 -1.0 
83.0 84.0 -1.0 86.0 82.0 41.0 65.0 -1.0 -1.0 48.0 
21.0 88.0 -1.0 -1.0 -1.0 -1.0 -1.0 81.0 -1.0 78.0 
17.0 20.0 -1.0 -1.0 10.0 64.0 -1.0 75.0 30.0 92.0 
99.0 -1.0 -1.0 -1.0 79.0 -1.0 35.0 -1.0 -1.0 61.0 
52.0 79.0 -1.0 99.0 36.0 75.0 98.0 -1.0 -1.0 10.0 
85.0 -1.0 -1.0 -1.0 29.0 -1.0 -1.0 56.0 48.0 45.0 
62.0 -1.0 -1.0 17.0 13.0 -1.0 51.0 -1.0 -1.0 23.0 
-1.0 64.0 -1.0 32.0 -1.0 -1.0 -1.0 -1.0 85.0 78.0 
63.0 -1.0 -1.0 -1.0 -1.0 -1.0 62.0 -1.0 18.0 10.0 
-1.0 -1.0 -1.0 -1.0 -1.0 47.0 98.0 76.0 -1.0 88.0 
34.0 12.0 -1.0 29.0 51.0 76.0 -1.0 21.0 -1.0 -1.0 
-1.0 -1.0 24.0 30.0 -1.0 91.0 -1.0 -1.0 -1.0 -1.0 
-1.0 -1.0 -1.0 37.0 80.0 91.0 80.0 69.0 12.0 22.0 
78.0 43.0 -1.0 19.0 -1.0 -1.0 83.0 -1.0 -1.0 34.0 
-1.0 -1.0 18.0 72.0 51.0 -1.0 -1.0 56.0 -1.0 -1.0 
-1.0 -1.0 -1.0 -1.0 47.0 16.0 39.0 52.0 27.0 90.0 
78.0 31.0 70.0 98.0 -1.0 -1.0 25.0 -1.0 27.0 45.0 
37.0 14.0 20.0 90.0 55.0 -1.0 42.0 -1.0 -1.0 67.0 
38.0 14.0 -1.0 -1.0 -1.0 69.0 93.0 10.0 -1.0 -1.0 
48.0 -1.0 -1.0 -1.0 13.0 42.0 94.0 82.0 60.0 -1.0 
72.0 -1.0 -1.0 -1.0 53.0 42.0 -1.0 -1.0 -1.0 77.0 
67.0 -1.0 -1.0 37.0 -1.0 18.0 81.0 -1.0 53.0 -1.0 
-1.0 17.0 27.0 -1.0 -1.0 93.0 -1.0 14.0 83.0 87.0 
45.0 69.0 57.0 -1.0 -1.0 -1.0 41.0 -1.0 64.0 54.0 
87.0 83.0 -1.0 84.0 -1.0 78.0 -1.0 40.0 79.0 19.0 
-1.0 -1.0 -1.0 43.0 71.0 -1.0 30.0 -1.0 91.0 28.0 
100.0 29.0 -1.0 69.0 -1.0 -1.0 -1.0 -1.0 -1.0 -1.0 
-1.0 20.0 65.0 97.0 -1.0 59.0 -1.0 84.0 -1.0 86.0 
99.0 -1.0 16.0 -1.0 -1.0 -1.0 82.0 37.0 -1.0 -1.0 
-1.0 96.0 -1.0 23.0 -1.0 -1.0 27.0 66.0 33.0 65.0 
43.0 -1.0 14.0 68.0 81.0 -1.0 17.0 -1.0 -1.0 92.0 
-1.0 -1.0 -1.0 25.0 100.0 -1.0 49.0 59.0 -1.0 91.0 
46.0 32.0 42.0 85.0 69.0 15.0 -1.0 -1.0 37.0 -1.0 
-1.0 12.0 51.0 20.0 -1.0 -1.0 -1.0 -1.0 -1.0 -1.0 
-1.0 -1.0 -1.0 85.0 11.0 66.0 -1.0 29.0 -1.0 -1.0 
-1.0 49.0 -1.0 -1.0 28.0 -1.0 -1.0 63.0 -1.0 -1.0 
-1.0 34.0 -1.0 28.0 92.0 96.0 -1.0 -1.0 86.0 -1.0 
13.0 -1.0 -1.0 17.0 -1.0 77.0 -1.0 86.0 -1.0 -1.0 
-1.0 93.0 -1.0 -1.0 25.0 79.0 66.0 46.0 18.0 -1.0 
100.0 -1.0 -1.0 18.0 -1.0 76.0 87.0 -1.0 -1.0 43.0 
-1.0 59.0 -1.0 90.0 96.0 -1.0 18.0 51.0 21.0 69.0 
44.0 11.0 -1.0 61.0 61.0 31.0 71.0 100.0 -1.0 -1.0 
95.0 97.0 -1.0 64.0 -1.0 -1.0 50.0 27.0 22.0 95.0 
-1.0 85.0 70.0 -1.0 -1.0 98.0 -1.0 11.0 -1.0 -1.0 
63.0 -1.0 80.0 94.0 34.0 81.0 -1.0 51.0 84.0 -1.0 
13.0 52.0 92.0 97.0 -1.0 -1.0 -1.0 -1.0 -1.0 90.0 
24.0 -1.0 -1.0 36.0 -1.0 60.0 79.0 -1.0 -1.0 40.0 
28.0 24.0 15.0 -1.0 -1.0 28.0 -1.0 80.0 51.0 39.0 
-1.0 27.0 -1.0 -1.0 22.0 42.0 20.0 34.0 62.0 -1.0 
-1.0 -1.0 -1.0 100.0 -1.0 42.0 81.0 -1.0 -1.0 -1.0 
96.0 -1.0 -1.0 -1.0 -1.0 91.0 33.0 21.0 52.0 -1.0 
16.0 23.0 -1.0 -1.0 -1.0 -1.0 -1.0 -1.0 62.0 -1.0 
-1.0 54.0 86.0 78.0 -1.0 72.0 -1.0 94.0 -1.0 66.0 
86.0 -1.0 -1.0 -1.0 -1.0 -1.0 -1.0 32.0 61.0 -1.0 
34.0 -1.0 69.0 17.0 -1.0 13.0 63.0 57.0 -1.0 30.0 
71.0 83.0 -1.0 -1.0 -1.0 38.0 72.0 -1.0 37.0 -1.0 
41.0 -1.0 36.0 88.0 -1.0 69.0 86.0 -1.0 87.0 -1.0 
-1.0 21.0 -1.0 60.0 81.0 -1.0 -1.0 -1.0 66.0 -1.0 
-1.0 86.0 -1.0 23.0 54.0 -1.0 -1.0 -1.0 -1.0 -1.0 
54.0 -1.0 -1.0 58.0 -1.0 -1.0 -1.0 -1.0 -1.0 86.0 
-1.0 48.0 37.0 -1.0 26.0 76.0 17.0 74.0 77.0 -1.0 
86.0 -1.0 97.0 -1.0 71.0 51.0 95.0 -1.0 -1.0 -1.0 
-1.0 -1.0 19.0 -1.0 -1.0 64.0 -1.0 -1.0 47.0 -1.0 
79.0 57.0 -1.0 95.0 48.0 26.0 -1.0 32.0 25.0 -1.0 
32.0 78.0 -1.0 69.0 62.0 31.0 -1.0 85.0 -1.0 18.0 
17.0 -1.0 -1.0 75.0 57.0 -1.0 79.0 -1.0 -1.0 -1.0 
-1.0 50.0 90.0 37.0 -1.0 -1.0 31.0 62.0 40.0 26.0 
25.0 21.0 -1.0 -1.0 -1.0 45.0 -1.0 -1.0 29.0 -1.0 
-1.0 -1.0 80.0 -1.0 -1.0 79.0 51.0 84.0 84.0 -1.0 
-1.0 -1.0 95.0 68.0 -1.0 40.0 -1.0 -1.0 -1.0 100.0 
-1.0 81.0 -1.0 -1.0 78.0 -1.0 -1.0 47.0 -1.0 16.0 
-1.0 -1.0 -1.0 -1.0 100.0 42.0 60.0 -1.0 -1.0 -1.0 
-1.0 19.0 41.0 -1.0 -1.0 23.0 -1.0 43.0 -1.0 -1.0 
-1.0 -1.0 100.0 83.0 -1.0 18.0 28.0 33.0 11.0 44.0 
35.0 70.0 81.0 56.0 -1.0 -1.0 65.0 99.0 -1.0 56.0 
54.0 -1.0 27.0 -1.0 70.0 69.0 39.0 -1.0 67.0 22.0 
-1.0 92.0 -1.0 -1.0 70.0 -1.0 -1.0 54.0 49.0 99.0 
66.0 -1.0 -1.0 -1.0 -1.0 97.0 -1.0 -1.0 52.0 -1.0 
54.0 88.0 96.0 14.0 -1.0 -1.0 33.0 -1.0 40.0 19.0 
-1.0 52.0 -1.0 -1.0 -1.0 11.0 72.0 10.0 90.0 -1.0 
39.0 85.0 95.0 64.0 -1.0 98.0 -1.0 -1.0 49.0 70.0 
38.0 77.0 -1.0 58.0 32.0 -1.0 -1.0 18.0 47.0 20.0 
55.0 28.0 50.0 81.0 -1.0 -1.0 -1.0 -1.0 16.0 49.0 
-1.0 -1.0 64.0 16.0 -1.0 41.0 36.0 -1.0 56.0 27.0 
-1.0 -1.0 10.0 -1.0 -1.0 84.0 25.0 99.0 57.0 69.0 
-1.0 -1.0 51.0 82.0 55.0 58.0 63.0 78.0 41.0 -1.0 
-1.0 -1.0 63.0 -1.0 48.0 50.0 88.0 98.0 -1.0 -1.0 
91.0 86.0 -1.0 -1.0 -1.0 -1.0 76.0 53.0 64.0 77.0 
-1.0 93.0 -1.0 -1.0 -1.0 50.0 31.0 42.0 40.0 58.0 
28.0 73.0 52.0 73.0 24.0 -1.0 22.0 -1.0 -1.0 -1.0 
-1.0 81.0 -1.0 -1.0 -1.0 97.0 67.0 45.0 -1.0 -1.0 
89.0 51.0 -1.0 38.0 -1.0 85.0 -1.0 79.0 -1.0 12.0 
23.0 49.0 -1.0 -1.0 19.0 -1.0 84.0 91.0 24.0 21.0 
-1.0 -1.0 57.0 -1.0 98.0 37.0 45.0 -1.0 28.0 41.0 
33.0 68.0 -1.0 -1.0 -1.0 12.0 82.0 82.0 39.0 -1.0 
-1.0 -1.0 30.0 40.0 80.0 -1.0 83.0 -1.0 73.0 -1.0 
-1.0 72.0 -1.0 -1.0 27.0 -1.0 23.0 -1.0 -1.0 29.0 
22.0 51.0 35.0 -1.0 -1.0 -1.0 -1.0 -1.0 96.0 -1.0 
50.0 -1.0 46.0 93.0 -1.0 -1.0 66.0 -1.0 12.0 -1.0 
-1.0 96.0 86.0 26.0 49.0 22.0 -1.0 81.0 95.0 -1.0 
-1.0 -1.0 -1.0 70.0 60.0 -1.0 -1.0 -1.0 60.0 85.0 
-1.0 -1.0 18.0 10.0 -1.0 -1.0 -1.0 47.0 -1.0 -1.0 
50.0 68.0 -1.0 -1.0 69.0 -1.0 42.0 -1.0 -1.0 54.0 
-1.0 -1.0 59.0 -1.0 -1.0 57.0 94.0 51.0 30.0 -1.0 
-1.0 -1.0 39.0 56.0 60.0 -1.0 49.0 19.0 49.0 65.0 
-1.0 15.0 93.0 43.0 -1.0 71.0 47.0 39.0 77.0 -1.0 
89.0 54.0 62.0 51.0 67.0 -1.0 -1.0 -1.0 -1.0 64.0 
-1.0 81.0 -1.0 -1.0 -1.0 18.0 -1.0 44.0 -1.0 29.0 
-1.0 34.0 98.0 -1.0 -1.0 -1.0 18.0 19.0 84.0 10.0 
-1.0 -1.0 -1.0 40.0 78.0 69.0 55.0 75.0 57.0 12.0 
34.0 -1.0 -1.0 88.0 43.0 -1.0 -1.0 -1.0 -1.0 -1.0 
81.0 77.0 91.0 100.0 -1.0 -1.0 -1.0 -1.0 43.0 77.0 
11.0 -1.0 -1.0 21.0 -1.0 34.0 76.0 14.0 -1.0 -1.0 
73.0 28.0 -1.0 52.0 58.0 -1.0 14.0 45.0 -1.0 -1.0 
69.0 -1.0 16.0 -1.0 -1.0 62.0 77.0 -1.0 36.0 74.0 
-1.0 -1.0 56.0 -1.0 -1.0 -1.0 50.0 99.0 -1.0 -1.0 
-1.0 47.0 35.0 32.0 -1.0 47.0 -1.0 -1.0 59.0 57.0 
-1.0 48.0 50.0 82.0 -1.0 -1.0 -1.0 -1.0 -1.0 -1.0 
34.0 76.0 -1.0 -1.0 -1.0 16.0 86.0 -1.0 -1.0 -1.0 
18.0 99.0 54.0 88.0 14.0 55.0 18.0 -1.0 -1.0 -1.0 
-1.0 28.0 -1.0 29.0 41.0 41.0 88.0 -1.0 99.0 71.0 
-1.0 -1.0 25.0 -1.0 -1.0 -1.0 -1.0 -1.0 36.0 89.0 
-1.0 -1.0 24.0 32.0 -1.0 -1.0 -1.0 -1.0 -1.0 90.0 
93.0 -1.0 -1.0 54.0 83.0 -1.0 98.0 57.0 82.0 72.0 
88.0 36.0 -1.0 100.0 13.0 -1.0 -1.0 -1.0 -1.0 67.0 
-1.0 -1.0 -1.0 56.0 -1.0 -1.0 51.0 -1.0 56.0 38.0 
-1.0 58.0 -1.0 -1.0 77.0 -1.0 -1.0 -1.0 -1.0 52.0 
-1.0 70.0 -1.0 -1.0 13.0 -1.0 -1.0 66.0 54.0 -1.0 
32.0 45.0 70.0 -1.0 -1.0 -1.0 25.0 -1.0 -1.0 27.0 
83.0 -1.0 -1.0 25.0 -1.0 -1.0 -1.0 -1.0 -1.0 90.0 
79.0 80.0 -1.0 86.0 78.0 29.0 89.0 -1.0 -1.0 23.0 
-1.0 -1.0 -1.0 -1.0 -1.0 19.0 -1.0 -1.0 28.0 68.0 
-1.0 31.0 -1.0 75.0 14.0 -1.0 -1.0 -1.0 99.0 -1.0 
30.0 56.0 95.0 -1.0 -1.0 74.0 -1.0 26.0 94.0 -1.0 
-1.0 91.0 90.0 -1.0 -1.0 -1.0 79.0 -1.0 -1.0 -1.0 
39.0 19.0 82.0 28.0 -1.0 -1.0 47.0 -1.0 -1.0 44.0 
-1.0 64.0 11.0 -1.0 -1.0 26.0 38.0 -1.0 73.0 -1.0 
-1.0 -1.0 97.0 89.0 -1.0 -1.0 49.0 -1.0 64.0 -1.0 
-1.0 94.0 39.0 45.0 -1.0 57.0 -1.0 21.0 12.0 80.0 
30.0 -1.0 59.0 20.0 -1.0 94.0 92.0 -1.0 -1.0 84.0 
-1.0 -1.0 82.0 14.0 -1.0 14.0 -1.0 -1.0 -1.0 -1.0 
48.0 -1.0 82.0 39.0 78.0 -1.0 35.0 -1.0 100.0 89.0 
39.0 -1.0 -1.0 -1.0 98.0 66.0 -1.0 -1.0 75.0 27.0 
19.0 65.0 60.0 -1.0 30.0 51.0 -1.0 -1.0 -1.0 94.0 
