***n m*** 
20 10 
***h*** 
14 15 10 10 9 7 12 14 6 10 14 15 15 14 11 5 9 10 11 11 
***d*** 
2207.18 2236.79 2119.03 939.03 236.84 1576.34 1429.76 251.73 894.46 963.94 984.36 241.49 257.52 1470.88 2197.76 826.95 1670.13 1679.75 1643.99 958.83 
***M*** 
8 2 10 4 
2 3 10 9 
6 3 8 
6 5 7 
7 2 9 5 1 
8 7 6 1 4 3 10 
1 10 2 4 8 
8 2 1 9 6 7 4 
1 10 4 7 2 5 
7 10 8 1 4 5 3 
4 10 7 5 
2 8 5 10 
6 3 5 9 4 
6 9 7 3 8 
2 9 7 4 3 
10 3 1 9 4 
3 4 9 
4 10 8 9 6 2 
8 2 3 6 9 
1 6 10 2 
9 10 6 
1 10 9 8 4 7 3 
6 8 3 
10 7 6 8 2 3 4 
6 7 5 1 10 4 
4 5 7 3 8 
1 4 6 10 5 8 
10 1 8 5 7 3 
5 7 1 6 9 10 
8 5 7 9 2 6 
2 3 7 6 1 
5 8 2 7 4 6 9 
2 3 7 1 8 
5 4 1 6 3 
9 4 8 6 5 
1 6 4 5 9 8 
3 6 4 
8 1 2 9 6 
1 8 7 2 
7 4 3 6 10 
2 3 7 
2 5 1 3 
9 6 2 3 4 
4 1 2 3 8 6 5 
6 8 7 1 
9 7 3 
4 7 1 8 3 2 10 
1 6 2 8 9 
5 9 10 1 
4 5 10 2 9 
5 9 7 
2 9 6 
8 3 5 9 
9 8 5 3 6 
4 5 6 2 8 3 7 
8 4 3 
8 7 9 10 3 
8 7 9 4 10 3 
2 4 8 3 9 7 
6 2 10 
6 10 2 
1 5 10 
7 6 1 8 
4 1 2 9 10 3 
8 9 3 5 7 10 
5 3 1 2 6 8 
1 7 6 2 5 8 10 
10 4 2 8 1 6 5 
7 6 9 1 
6 9 1 8 3 
6 5 3 7 9 
3 6 1 4 2 
9 6 10 2 4 3 1 
9 7 3 10 1 8 
1 3 2 7 4 
10 4 9 
7 4 9 8 
4 10 2 3 9 1 
6 5 3 2 10 7 
4 1 6 
8 9 5 3 10 
8 4 7 
3 9 5 8 
6 5 7 
2 6 8 7 10 3 5 
2 4 5 10 3 6 8 
1 7 5 8 10 
9 8 10 
10 4 8 5 9 6 2 
3 6 7 5 
6 3 5 7 
1 2 9 6 8 10 3 
9 6 3 2 4 10 
2 10 8 3 
8 2 1 
2 9 8 
5 7 9 
3 6 5 10 7 9 
6 1 5 7 9 3 
9 2 10 8 
8 6 5 
7 9 5 8 3 6 
9 4 3 1 5 2 
9 7 5 8 2 10 1 
3 2 6 5 1 
7 2 3 
4 10 7 6 8 9 3 
9 3 10 5 
2 3 1 9 6 
7 2 3 5 6 1 
2 5 6 
9 4 5 1 7 
1 3 4 
8 5 7 10 6 2 
3 7 5 6 
10 6 9 2 
9 7 3 
6 10 5 7 4 
8 6 4 3 1 5 
2 5 4 1 9 
9 10 5 1 4 
3 8 9 7 
1 2 8 9 4 10 5 
4 9 2 7 8 
9 8 3 5 4 2 
7 5 4 3 8 1 
4 6 9 7 3 1 
8 6 7 1 10 3 
10 6 1 5 3 
10 5 7 
10 7 6 3 
3 8 7 5 9 10 
2 4 5 8 9 
1 5 6 8 
6 5 8 1 10 3 
10 2 1 5 8 4 
1 4 5 8 7 9 3 
8 2 7 
10 4 1 3 9 8 
8 6 4 2 7 3 
10 8 5 3 
3 9 8 5 
9 10 5 3 7 
6 9 10 3 7 
8 1 2 6 5 7 
4 10 3 8 6 
2 3 10 9 7 6 
7 8 3 4 
2 9 10 7 4 6 
5 2 3 
5 3 9 7 
3 6 7 5 1 
7 10 6 
6 4 2 1 5 7 
1 6 10 2 3 7 5 
5 4 1 9 6 10 8 
9 1 7 3 4 8 
9 6 10 3 4 2 5 
8 6 4 7 9 
9 7 6 
5 1 3 10 2 
7 5 2 8 1 
5 1 2 3 7 10 
7 5 1 
3 8 5 4 6 
2 8 9 1 7 4 6 
1 3 2 10 
10 4 8 
2 4 8 1 
6 1 9 
6 2 9 3 5 7 
10 5 1 7 3 6 9 
8 3 9 1 5 
7 6 4 2 9 8 
3 5 8 
6 10 5 3 
3 6 2 
4 3 10 8 2 6 1 
7 8 1 9 
4 2 6 5 3 7 
6 10 2 9 7 
4 5 6 7 2 
10 3 5 2 7 8 9 
7 3 1 5 2 4 
3 2 9 5 4 8 10 
4 6 8 
10 9 2 6 3 1 8 
7 5 3 4 8 2 10 
7 1 9 5 10 2 6 
2 6 4 1 8 9 3 
10 2 8 3 4 
4 3 6 8 9 1 
1 6 9 2 
5 7 10 8 
2 8 6 7 1 10 3 
2 4 3 8 1 5 
9 3 1 5 
9 8 1 4 5 10 
3 6 10 8 4 2 
9 2 1 3 6 
9 8 6 5 
3 4 7 1 8 
9 2 3 7 1 
2 10 7 9 
9 2 1 10 6 8 
4 3 10 1 2 
1 6 8 
7 1 2 5 8 
7 10 3 6 
2 4 3 6 
6 2 5 4 9 1 
1 9 3 2 8 6 
10 1 3 
3 5 4 
10 2 1 9 7 3 
5 4 1 
4 2 8 9 6 1 
6 9 7 5 8 1 
5 4 3 9 10 2 
3 1 9 7 8 2 10 
5 6 2 1 10 7 4 
2 5 4 1 10 7 8 
***P*** 
-1.0 68.0 -1.0 96.0 -1.0 -1.0 -1.0 78.0 -1.0 39.0 
-1.0 90.0 19.0 -1.0 -1.0 -1.0 -1.0 -1.0 19.0 83.0 
-1.0 -1.0 76.0 -1.0 -1.0 16.0 -1.0 40.0 -1.0 -1.0 
-1.0 -1.0 -1.0 -1.0 15.0 94.0 91.0 -1.0 -1.0 -1.0 
50.0 11.0 -1.0 -1.0 67.0 -1.0 50.0 -1.0 35.0 -1.0 
85.0 -1.0 81.0 96.0 -1.0 50.0 68.0 64.0 -1.0 70.0 
71.0 51.0 -1.0 20.0 -1.0 -1.0 -1.0 92.0 -1.0 70.0 
56.0 90.0 -1.0 62.0 -1.0 28.0 89.0 25.0 85.0 -1.0 
61.0 59.0 -1.0 41.0 69.0 -1.0 27.0 -1.0 -1.0 35.0 
91.0 -1.0 31.0 77.0 35.0 -1.0 91.0 61.0 -1.0 48.0 
-1.0 -1.0 -1.0 20.0 80.0 -1.0 45.0 -1.0 -1.0 64.0 
-1.0 91.0 -1.0 -1.0 29.0 -1.0 -1.0 91.0 -1.0 92.0 
-1.0 -1.0 86.0 14.0 50.0 14.0 -1.0 -1.0 87.0 -1.0 
-1.0 -1.0 77.0 -1.0 -1.0 18.0 87.0 35.0 28.0 -1.0 
-1.0 51.0 66.0 87.0 -1.0 -1.0 86.0 -1.0 20.0 -1.0 
62.0 -1.0 58.0 34.0 -1.0 -1.0 -1.0 -1.0 16.0 95.0 
-1.0 -1.0 92.0 83.0 -1.0 -1.0 -1.0 -1.0 41.0 -1.0 
-1.0 45.0 -1.0 59.0 -1.0 33.0 -1.0 73.0 95.0 33.0 
-1.0 58.0 61.0 -1.0 -1.0 36.0 -1.0 65.0 68.0 -1.0 
40.0 45.0 -1.0 -1.0 -1.0 67.0 -1.0 -1.0 -1.0 72.0 
-1.0 -1.0 -1.0 -1.0 -1.0 20.0 -1.0 -1.0 49.0 24.0 
75.0 -1.0 80.0 99.0 -1.0 -1.0 83.0 83.0 82.0 81.0 
-1.0 -1.0 79.0 -1.0 -1.0 49.0 -1.0 70.0 -1.0 -1.0 
-1.0 94.0 19.0 27.0 -1.0 38.0 75.0 96.0 -1.0 66.0 
56.0 -1.0 -1.0 46.0 59.0 13.0 54.0 -1.0 -1.0 48.0 
-1.0 -1.0 31.0 48.0 51.0 -1.0 73.0 18.0 -1.0 -1.0 
19.0 -1.0 -1.0 23.0 71.0 17.0 -1.0 61.0 -1.0 12.0 
37.0 -1.0 27.0 -1.0 87.0 -1.0 44.0 34.0 -1.0 83.0 
32.0 -1.0 -1.0 -1.0 91.0 25.0 29.0 -1.0 11.0 13.0 
-1.0 84.0 -1.0 -1.0 22.0 45.0 56.0 16.0 67.0 -1.0 
86.0 19.0 85.0 -1.0 -1.0 44.0 70.0 -1.0 -1.0 -1.0 
-1.0 45.0 -1.0 94.0 47.0 12.0 38.0 65.0 28.0 -1.0 
20.0 87.0 71.0 -1.0 -1.0 -1.0 69.0 80.0 -1.0 -1.0 
25.0 -1.0 25.0 61.0 38.0 43.0 -1.0 -1.0 -1.0 -1.0 
-1.0 -1.0 -1.0 52.0 82.0 50.0 -1.0 29.0 54.0 -1.0 
17.0 -1.0 -1.0 79.0 43.0 54.0 -1.0 36.0 90.0 -1.0 
-1.0 -1.0 76.0 11.0 -1.0 96.0 -1.0 -1.0 -1.0 -1.0 
17.0 74.0 -1.0 -1.0 -1.0 64.0 -1.0 23.0 81.0 -1.0 
92.0 82.0 -1.0 -1.0 -1.0 -1.0 28.0 80.0 -1.0 -1.0 
-1.0 -1.0 73.0 95.0 -1.0 62.0 89.0 -1.0 -1.0 30.0 
-1.0 92.0 13.0 -1.0 -1.0 -1.0 63.0 -1.0 -1.0 -1.0 
99.0 63.0 14.0 -1.0 96.0 -1.0 -1.0 -1.0 -1.0 -1.0 
-1.0 100.0 40.0 82.0 -1.0 94.0 -1.0 -1.0 86.0 -1.0 
28.0 37.0 88.0 27.0 100.0 76.0 -1.0 90.0 -1.0 -1.0 
35.0 -1.0 -1.0 -1.0 -1.0 23.0 49.0 63.0 -1.0 -1.0 
-1.0 -1.0 83.0 -1.0 -1.0 -1.0 15.0 -1.0 30.0 -1.0 
87.0 20.0 48.0 53.0 -1.0 -1.0 25.0 98.0 -1.0 44.0 
49.0 63.0 -1.0 -1.0 -1.0 62.0 -1.0 85.0 41.0 -1.0 
61.0 -1.0 -1.0 -1.0 40.0 -1.0 -1.0 -1.0 62.0 44.0 
-1.0 21.0 -1.0 87.0 67.0 -1.0 -1.0 -1.0 38.0 72.0 
-1.0 -1.0 -1.0 -1.0 73.0 -1.0 13.0 -1.0 81.0 -1.0 
-1.0 42.0 -1.0 -1.0 -1.0 30.0 -1.0 -1.0 78.0 -1.0 
-1.0 -1.0 75.0 -1.0 30.0 -1.0 -1.0 39.0 18.0 -1.0 
-1.0 -1.0 84.0 -1.0 61.0 45.0 -1.0 66.0 87.0 -1.0 
-1.0 69.0 54.0 98.0 61.0 62.0 66.0 19.0 -1.0 -1.0 
-1.0 -1.0 83.0 36.0 -1.0 -1.0 -1.0 58.0 -1.0 -1.0 
-1.0 -1.0 93.0 -1.0 -1.0 -1.0 61.0 83.0 56.0 79.0 
-1.0 -1.0 70.0 49.0 -1.0 -1.0 31.0 62.0 13.0 99.0 
-1.0 93.0 52.0 76.0 -1.0 -1.0 81.0 50.0 79.0 -1.0 
-1.0 62.0 -1.0 -1.0 -1.0 59.0 -1.0 -1.0 -1.0 93.0 
-1.0 85.0 -1.0 -1.0 -1.0 56.0 -1.0 -1.0 -1.0 45.0 
20.0 -1.0 -1.0 -1.0 90.0 -1.0 -1.0 -1.0 -1.0 73.0 
45.0 -1.0 -1.0 -1.0 -1.0 26.0 28.0 59.0 -1.0 -1.0 
47.0 49.0 91.0 43.0 -1.0 -1.0 -1.0 -1.0 61.0 39.0 
-1.0 -1.0 75.0 -1.0 11.0 -1.0 67.0 26.0 12.0 97.0 
69.0 97.0 75.0 -1.0 75.0 98.0 -1.0 43.0 -1.0 -1.0 
88.0 40.0 -1.0 -1.0 61.0 79.0 32.0 26.0 -1.0 65.0 
12.0 42.0 -1.0 60.0 87.0 51.0 -1.0 11.0 -1.0 75.0 
66.0 -1.0 -1.0 -1.0 -1.0 18.0 67.0 -1.0 62.0 -1.0 
78.0 -1.0 32.0 -1.0 -1.0 55.0 -1.0 89.0 96.0 -1.0 
-1.0 -1.0 32.0 -1.0 10.0 43.0 75.0 -1.0 11.0 -1.0 
78.0 24.0 49.0 34.0 -1.0 78.0 -1.0 -1.0 -1.0 -1.0 
11.0 51.0 95.0 65.0 -1.0 29.0 -1.0 -1.0 10.0 52.0 
65.0 -1.0 58.0 -1.0 -1.0 -1.0 35.0 59.0 66.0 36.0 
89.0 36.0 49.0 45.0 -1.0 -1.0 40.0 -1.0 -1.0 -1.0 
-1.0 -1.0 -1.0 46.0 -1.0 -1.0 -1.0 -1.0 92.0 21.0 
-1.0 -1.0 -1.0 28.0 -1.0 -1.0 16.0 37.0 44.0 -1.0 
43.0 59.0 57.0 25.0 -1.0 -1.0 -1.0 -1.0 30.0 23.0 
-1.0 11.0 70.0 -1.0 22.0 58.0 86.0 -1.0 -1.0 97.0 
59.0 -1.0 -1.0 81.0 -1.0 83.0 -1.0 -1.0 -1.0 -1.0 
-1.0 -1.0 20.0 -1.0 96.0 -1.0 -1.0 54.0 10.0 85.0 
-1.0 -1.0 -1.0 40.0 -1.0 -1.0 52.0 42.0 -1.0 -1.0 
-1.0 -1.0 27.0 -1.0 71.0 -1.0 -1.0 64.0 95.0 -1.0 
-1.0 -1.0 -1.0 -1.0 59.0 89.0 18.0 -1.0 -1.0 -1.0 
-1.0 27.0 52.0 -1.0 46.0 13.0 96.0 40.0 -1.0 46.0 
-1.0 62.0 47.0 32.0 43.0 50.0 -1.0 26.0 -1.0 51.0 
56.0 -1.0 -1.0 -1.0 45.0 -1.0 18.0 92.0 -1.0 21.0 
-1.0 -1.0 -1.0 -1.0 -1.0 -1.0 -1.0 86.0 97.0 86.0 
-1.0 71.0 -1.0 57.0 50.0 19.0 -1.0 81.0 57.0 48.0 
-1.0 -1.0 22.0 -1.0 73.0 12.0 78.0 -1.0 -1.0 -1.0 
-1.0 -1.0 34.0 -1.0 92.0 49.0 78.0 -1.0 -1.0 -1.0 
78.0 58.0 60.0 -1.0 -1.0 39.0 -1.0 58.0 62.0 76.0 
-1.0 28.0 25.0 47.0 -1.0 37.0 -1.0 -1.0 88.0 86.0 
-1.0 74.0 34.0 -1.0 -1.0 -1.0 -1.0 67.0 -1.0 66.0 
50.0 74.0 -1.0 -1.0 -1.0 -1.0 -1.0 84.0 -1.0 -1.0 
-1.0 35.0 -1.0 -1.0 -1.0 -1.0 -1.0 23.0 22.0 -1.0 
-1.0 -1.0 -1.0 -1.0 67.0 -1.0 97.0 -1.0 13.0 -1.0 
-1.0 -1.0 22.0 -1.0 40.0 52.0 13.0 -1.0 44.0 26.0 
97.0 -1.0 13.0 -1.0 17.0 29.0 60.0 -1.0 14.0 -1.0 
-1.0 88.0 -1.0 -1.0 -1.0 -1.0 -1.0 11.0 60.0 72.0 
-1.0 -1.0 -1.0 -1.0 23.0 23.0 -1.0 96.0 -1.0 -1.0 
-1.0 -1.0 22.0 -1.0 95.0 32.0 17.0 10.0 100.0 -1.0 
100.0 21.0 19.0 39.0 60.0 -1.0 -1.0 -1.0 32.0 -1.0 
18.0 82.0 -1.0 -1.0 25.0 -1.0 51.0 96.0 59.0 12.0 
36.0 41.0 44.0 -1.0 98.0 94.0 -1.0 -1.0 -1.0 -1.0 
-1.0 14.0 19.0 -1.0 -1.0 -1.0 82.0 -1.0 -1.0 -1.0 
-1.0 -1.0 57.0 64.0 -1.0 43.0 58.0 44.0 28.0 37.0 
-1.0 -1.0 70.0 -1.0 61.0 -1.0 -1.0 -1.0 10.0 35.0 
67.0 10.0 49.0 -1.0 -1.0 51.0 -1.0 -1.0 51.0 -1.0 
28.0 11.0 100.0 -1.0 17.0 46.0 79.0 -1.0 -1.0 -1.0 
-1.0 87.0 -1.0 -1.0 39.0 53.0 -1.0 -1.0 -1.0 -1.0 
95.0 -1.0 -1.0 66.0 79.0 -1.0 32.0 -1.0 66.0 -1.0 
95.0 -1.0 43.0 53.0 -1.0 -1.0 -1.0 -1.0 -1.0 -1.0 
-1.0 17.0 -1.0 -1.0 21.0 59.0 72.0 64.0 -1.0 44.0 
-1.0 -1.0 22.0 -1.0 83.0 62.0 83.0 -1.0 -1.0 -1.0 
-1.0 18.0 -1.0 -1.0 -1.0 51.0 -1.0 -1.0 31.0 38.0 
-1.0 -1.0 17.0 -1.0 -1.0 -1.0 34.0 -1.0 26.0 -1.0 
-1.0 -1.0 -1.0 72.0 27.0 96.0 60.0 -1.0 -1.0 80.0 
42.0 -1.0 71.0 12.0 69.0 99.0 -1.0 53.0 -1.0 -1.0 
89.0 78.0 -1.0 30.0 82.0 -1.0 -1.0 -1.0 61.0 -1.0 
30.0 -1.0 -1.0 88.0 78.0 -1.0 -1.0 -1.0 56.0 77.0 
-1.0 -1.0 97.0 -1.0 -1.0 -1.0 20.0 14.0 84.0 -1.0 
78.0 71.0 -1.0 77.0 54.0 -1.0 -1.0 40.0 20.0 70.0 
-1.0 41.0 -1.0 65.0 -1.0 -1.0 17.0 31.0 68.0 -1.0 
-1.0 87.0 47.0 92.0 38.0 -1.0 -1.0 66.0 22.0 -1.0 
77.0 -1.0 23.0 49.0 52.0 -1.0 96.0 20.0 -1.0 -1.0 
81.0 -1.0 72.0 28.0 -1.0 13.0 22.0 -1.0 46.0 -1.0 
97.0 -1.0 75.0 -1.0 -1.0 32.0 67.0 19.0 -1.0 79.0 
15.0 -1.0 38.0 -1.0 16.0 44.0 -1.0 -1.0 -1.0 89.0 
-1.0 -1.0 -1.0 -1.0 75.0 -1.0 65.0 -1.0 -1.0 35.0 
-1.0 -1.0 13.0 -1.0 -1.0 10.0 70.0 -1.0 -1.0 37.0 
-1.0 -1.0 43.0 -1.0 91.0 -1.0 25.0 95.0 34.0 95.0 
-1.0 38.0 -1.0 56.0 75.0 -1.0 -1.0 68.0 33.0 -1.0 
14.0 -1.0 -1.0 -1.0 83.0 97.0 -1.0 20.0 -1.0 -1.0 
74.0 -1.0 65.0 -1.0 38.0 85.0 -1.0 13.0 -1.0 13.0 
49.0 14.0 -1.0 60.0 40.0 -1.0 -1.0 76.0 -1.0 22.0 
97.0 -1.0 49.0 100.0 95.0 -1.0 60.0 63.0 88.0 -1.0 
-1.0 48.0 -1.0 -1.0 -1.0 -1.0 15.0 16.0 -1.0 -1.0 
11.0 -1.0 89.0 84.0 -1.0 -1.0 -1.0 57.0 58.0 57.0 
-1.0 28.0 41.0 56.0 -1.0 43.0 14.0 43.0 -1.0 -1.0 
-1.0 -1.0 24.0 -1.0 87.0 -1.0 -1.0 51.0 -1.0 94.0 
-1.0 -1.0 96.0 -1.0 100.0 -1.0 -1.0 97.0 11.0 -1.0 
-1.0 -1.0 90.0 -1.0 68.0 -1.0 96.0 -1.0 48.0 19.0 
-1.0 -1.0 34.0 -1.0 -1.0 94.0 51.0 -1.0 99.0 92.0 
13.0 43.0 -1.0 -1.0 18.0 98.0 94.0 65.0 -1.0 -1.0 
-1.0 -1.0 13.0 43.0 -1.0 59.0 -1.0 42.0 -1.0 22.0 
-1.0 72.0 93.0 -1.0 -1.0 73.0 36.0 -1.0 81.0 61.0 
-1.0 -1.0 94.0 86.0 -1.0 -1.0 96.0 84.0 -1.0 -1.0 
-1.0 37.0 -1.0 55.0 -1.0 23.0 15.0 -1.0 49.0 95.0 
-1.0 98.0 77.0 -1.0 97.0 -1.0 -1.0 -1.0 -1.0 -1.0 
-1.0 -1.0 52.0 -1.0 62.0 -1.0 100.0 -1.0 20.0 -1.0 
50.0 -1.0 14.0 -1.0 50.0 30.0 50.0 -1.0 -1.0 -1.0 
-1.0 -1.0 -1.0 -1.0 -1.0 28.0 19.0 -1.0 -1.0 72.0 
38.0 64.0 -1.0 12.0 99.0 91.0 100.0 -1.0 -1.0 -1.0 
62.0 13.0 63.0 -1.0 82.0 49.0 95.0 -1.0 -1.0 19.0 
13.0 -1.0 -1.0 59.0 21.0 43.0 -1.0 76.0 17.0 20.0 
51.0 -1.0 14.0 92.0 -1.0 -1.0 45.0 69.0 23.0 -1.0 
-1.0 88.0 34.0 38.0 26.0 64.0 -1.0 -1.0 49.0 46.0 
-1.0 -1.0 -1.0 97.0 -1.0 91.0 26.0 78.0 63.0 -1.0 
-1.0 -1.0 -1.0 -1.0 -1.0 23.0 68.0 -1.0 39.0 -1.0 
96.0 94.0 91.0 -1.0 15.0 -1.0 -1.0 -1.0 -1.0 71.0 
31.0 38.0 -1.0 -1.0 97.0 -1.0 82.0 50.0 -1.0 -1.0 
21.0 54.0 26.0 -1.0 88.0 -1.0 43.0 -1.0 -1.0 76.0 
78.0 -1.0 -1.0 -1.0 28.0 -1.0 45.0 -1.0 -1.0 -1.0 
-1.0 -1.0 84.0 100.0 41.0 10.0 -1.0 29.0 -1.0 -1.0 
93.0 75.0 -1.0 59.0 -1.0 53.0 22.0 67.0 47.0 -1.0 
23.0 26.0 75.0 -1.0 -1.0 -1.0 -1.0 -1.0 -1.0 69.0 
-1.0 -1.0 -1.0 83.0 -1.0 -1.0 -1.0 70.0 -1.0 83.0 
65.0 12.0 -1.0 90.0 -1.0 -1.0 -1.0 67.0 -1.0 -1.0 
45.0 -1.0 -1.0 -1.0 -1.0 32.0 -1.0 -1.0 15.0 -1.0 
-1.0 47.0 97.0 -1.0 27.0 18.0 64.0 -1.0 53.0 -1.0 
28.0 -1.0 82.0 -1.0 85.0 15.0 36.0 -1.0 84.0 60.0 
96.0 -1.0 70.0 -1.0 60.0 -1.0 -1.0 71.0 16.0 -1.0 
-1.0 58.0 -1.0 70.0 -1.0 21.0 87.0 89.0 66.0 -1.0 
-1.0 -1.0 76.0 -1.0 93.0 -1.0 -1.0 33.0 -1.0 -1.0 
-1.0 -1.0 62.0 -1.0 96.0 79.0 -1.0 -1.0 -1.0 97.0 
-1.0 27.0 98.0 -1.0 -1.0 12.0 -1.0 -1.0 -1.0 -1.0 
92.0 24.0 99.0 78.0 -1.0 77.0 -1.0 23.0 -1.0 91.0 
73.0 -1.0 -1.0 -1.0 -1.0 -1.0 35.0 35.0 45.0 -1.0 
-1.0 39.0 57.0 68.0 58.0 16.0 27.0 -1.0 -1.0 -1.0 
-1.0 32.0 -1.0 -1.0 -1.0 37.0 60.0 -1.0 18.0 70.0 
-1.0 33.0 -1.0 56.0 95.0 12.0 15.0 -1.0 -1.0 -1.0 
-1.0 81.0 22.0 -1.0 39.0 -1.0 82.0 23.0 73.0 20.0 
94.0 17.0 54.0 91.0 17.0 -1.0 29.0 -1.0 -1.0 -1.0 
-1.0 17.0 99.0 34.0 60.0 -1.0 -1.0 82.0 47.0 19.0 
-1.0 -1.0 -1.0 34.0 -1.0 34.0 -1.0 20.0 -1.0 -1.0 
81.0 77.0 95.0 -1.0 -1.0 24.0 -1.0 40.0 45.0 94.0 
-1.0 76.0 95.0 56.0 76.0 -1.0 55.0 63.0 -1.0 34.0 
50.0 30.0 -1.0 -1.0 69.0 49.0 68.0 -1.0 75.0 29.0 
68.0 52.0 49.0 33.0 -1.0 47.0 -1.0 19.0 91.0 -1.0 
-1.0 41.0 12.0 59.0 -1.0 -1.0 -1.0 19.0 -1.0 21.0 
76.0 -1.0 52.0 39.0 -1.0 99.0 -1.0 88.0 90.0 -1.0 
15.0 35.0 -1.0 -1.0 -1.0 38.0 -1.0 -1.0 25.0 -1.0 
-1.0 -1.0 -1.0 -1.0 40.0 -1.0 11.0 39.0 -1.0 21.0 
52.0 53.0 75.0 -1.0 -1.0 16.0 13.0 35.0 -1.0 58.0 
63.0 22.0 45.0 56.0 37.0 -1.0 -1.0 36.0 -1.0 -1.0 
37.0 -1.0 73.0 -1.0 91.0 -1.0 -1.0 -1.0 96.0 -1.0 
19.0 -1.0 -1.0 24.0 45.0 -1.0 -1.0 45.0 29.0 31.0 
-1.0 16.0 79.0 26.0 -1.0 22.0 -1.0 70.0 -1.0 96.0 
29.0 60.0 11.0 -1.0 -1.0 57.0 -1.0 -1.0 68.0 -1.0 
-1.0 -1.0 -1.0 -1.0 28.0 30.0 -1.0 93.0 38.0 -1.0 
29.0 -1.0 27.0 65.0 -1.0 -1.0 13.0 91.0 -1.0 -1.0 
23.0 34.0 80.0 -1.0 -1.0 -1.0 81.0 -1.0 59.0 -1.0 
-1.0 74.0 -1.0 -1.0 -1.0 -1.0 43.0 -1.0 74.0 65.0 
60.0 52.0 -1.0 -1.0 -1.0 32.0 -1.0 42.0 28.0 72.0 
33.0 96.0 31.0 77.0 -1.0 -1.0 -1.0 -1.0 -1.0 64.0 
93.0 -1.0 -1.0 -1.0 -1.0 87.0 -1.0 47.0 -1.0 -1.0 
41.0 95.0 -1.0 -1.0 14.0 -1.0 22.0 81.0 -1.0 -1.0 
-1.0 -1.0 49.0 -1.0 -1.0 75.0 97.0 -1.0 -1.0 93.0 
-1.0 87.0 21.0 93.0 -1.0 17.0 -1.0 -1.0 -1.0 -1.0 
65.0 11.0 -1.0 56.0 34.0 48.0 -1.0 -1.0 68.0 -1.0 
66.0 63.0 28.0 -1.0 -1.0 21.0 -1.0 37.0 46.0 -1.0 
11.0 -1.0 61.0 -1.0 -1.0 -1.0 -1.0 -1.0 -1.0 16.0 
-1.0 -1.0 26.0 73.0 44.0 -1.0 -1.0 -1.0 -1.0 -1.0 
63.0 33.0 54.0 -1.0 -1.0 -1.0 53.0 -1.0 63.0 43.0 
22.0 -1.0 -1.0 11.0 69.0 -1.0 -1.0 -1.0 -1.0 -1.0 
61.0 29.0 -1.0 60.0 -1.0 52.0 -1.0 91.0 13.0 -1.0 
20.0 -1.0 -1.0 -1.0 17.0 13.0 24.0 12.0 25.0 -1.0 
-1.0 60.0 25.0 74.0 50.0 -1.0 -1.0 -1.0 97.0 60.0 
49.0 64.0 85.0 -1.0 -1.0 -1.0 77.0 29.0 47.0 100.0 
23.0 18.0 -1.0 64.0 99.0 28.0 20.0 -1.0 -1.0 28.0 
77.0 30.0 -1.0 54.0 52.0 -1.0 86.0 16.0 -1.0 90.0 
