***n m*** 
10 10 
***h*** 
5 5 8 9 11 12 11 13 5 5 
***d*** 
927.43 408.42 783.55 711.23 120.94 867.82 1093.64 751.38 427.39 107.26 
***M*** 
6 4 5 8 7 
1 8 5 9 
1 3 10 9 7 
10 8 3 4 
8 4 9 7 3 5 
8 1 5 4 2 9 3 
2 3 8 
7 8 1 4 10 3 9 
7 3 10 4 5 2 
4 5 8 7 
8 9 10 1 2 
9 4 6 
6 4 9 2 5 8 3 
2 8 4 6 3 10 
1 5 8 6 3 7 4 
10 8 3 9 
5 3 1 
6 3 2 4 10 8 1 
9 7 1 6 
1 6 4 7 10 2 8 
5 10 2 6 4 8 
9 3 1 8 7 2 10 
6 1 9 8 10 3 
5 10 6 8 
10 8 5 9 2 6 
6 5 9 8 10 1 3 
10 4 5 2 9 6 7 
3 10 2 9 6 5 
9 8 4 7 
7 4 5 10 2 
5 4 10 7 
9 5 10 7 2 
1 2 10 6 9 
8 1 6 5 
7 8 9 5 10 
5 7 6 10 9 
8 1 2 10 7 5 
9 5 3 7 
8 7 2 3 6 4 
3 2 5 4 1 9 
8 1 10 9 6 3 
5 1 2 6 7 9 
6 7 5 2 10 9 
3 10 7 1 4 6 5 
7 5 2 3 8 6 10 
3 5 2 6 4 10 
6 5 9 8 2 3 4 
9 4 5 1 10 7 
2 6 1 10 4 7 
6 4 2 9 8 5 
4 6 2 
1 7 9 8 
3 4 5 10 7 
5 9 2 7 8 10 
1 8 5 6 2 
7 8 10 2 9 5 3 
1 4 3 2 9 
2 7 1 4 5 3 
10 5 7 6 2 
4 6 7 2 5 10 
3 4 10 
1 9 8 3 4 10 7 
10 8 2 9 
8 7 2 6 5 
6 7 3 1 10 9 
10 4 2 8 6 7 
4 3 7 2 6 
8 4 9 3 
5 2 9 6 
6 5 4 9 
3 4 5 2 9 
9 8 4 7 3 5 
1 10 8 7 2 
6 10 9 4 
3 10 4 8 6 
4 9 3 10 2 8 6 
4 6 1 5 
2 3 5 6 
6 8 7 
10 6 2 5 4 
6 4 8 10 2 1 9 
9 8 4 2 7 6 
6 8 4 1 7 10 2 
9 5 4 
***P*** 
-1.0 -1.0 -1.0 13.0 44.0 12.0 65.0 32.0 -1.0 -1.0 
95.0 -1.0 -1.0 -1.0 14.0 -1.0 -1.0 86.0 51.0 -1.0 
94.0 -1.0 11.0 -1.0 -1.0 -1.0 22.0 -1.0 62.0 66.0 
-1.0 -1.0 45.0 87.0 -1.0 -1.0 -1.0 74.0 -1.0 60.0 
-1.0 -1.0 29.0 21.0 32.0 -1.0 31.0 21.0 61.0 -1.0 
27.0 100.0 27.0 31.0 96.0 -1.0 -1.0 42.0 87.0 -1.0 
-1.0 66.0 53.0 -1.0 -1.0 -1.0 -1.0 80.0 -1.0 -1.0 
14.0 -1.0 79.0 27.0 -1.0 -1.0 37.0 73.0 38.0 99.0 
-1.0 62.0 84.0 52.0 10.0 -1.0 56.0 -1.0 -1.0 52.0 
-1.0 -1.0 -1.0 80.0 32.0 -1.0 54.0 59.0 -1.0 -1.0 
80.0 11.0 -1.0 -1.0 -1.0 -1.0 -1.0 68.0 39.0 12.0 
-1.0 -1.0 -1.0 15.0 -1.0 90.0 -1.0 -1.0 33.0 -1.0 
-1.0 83.0 16.0 29.0 81.0 89.0 -1.0 53.0 67.0 -1.0 
-1.0 45.0 80.0 90.0 -1.0 44.0 -1.0 90.0 -1.0 81.0 
82.0 -1.0 88.0 36.0 12.0 90.0 13.0 36.0 -1.0 -1.0 
-1.0 -1.0 95.0 -1.0 -1.0 -1.0 -1.0 44.0 72.0 54.0 
98.0 -1.0 91.0 -1.0 88.0 -1.0 -1.0 -1.0 -1.0 -1.0 
76.0 29.0 17.0 49.0 -1.0 14.0 -1.0 62.0 -1.0 25.0 
59.0 -1.0 -1.0 -1.0 -1.0 43.0 52.0 -1.0 11.0 -1.0 
61.0 43.0 -1.0 93.0 -1.0 20.0 61.0 28.0 -1.0 58.0 
-1.0 96.0 -1.0 90.0 86.0 50.0 -1.0 51.0 -1.0 37.0 
44.0 81.0 50.0 -1.0 -1.0 -1.0 15.0 40.0 82.0 45.0 
49.0 -1.0 91.0 -1.0 -1.0 20.0 -1.0 52.0 34.0 79.0 
-1.0 -1.0 -1.0 -1.0 44.0 32.0 -1.0 39.0 -1.0 49.0 
-1.0 92.0 -1.0 -1.0 58.0 70.0 -1.0 81.0 66.0 76.0 
88.0 -1.0 29.0 -1.0 39.0 13.0 -1.0 32.0 67.0 10.0 
-1.0 39.0 -1.0 19.0 94.0 94.0 69.0 -1.0 22.0 23.0 
-1.0 18.0 40.0 -1.0 48.0 100.0 -1.0 -1.0 76.0 29.0 
-1.0 -1.0 -1.0 84.0 -1.0 -1.0 47.0 96.0 44.0 -1.0 
-1.0 20.0 -1.0 36.0 11.0 -1.0 43.0 -1.0 -1.0 87.0 
-1.0 -1.0 -1.0 69.0 61.0 -1.0 47.0 -1.0 -1.0 56.0 
-1.0 70.0 -1.0 -1.0 23.0 -1.0 43.0 -1.0 79.0 31.0 
75.0 20.0 -1.0 -1.0 -1.0 28.0 -1.0 -1.0 68.0 58.0 
42.0 -1.0 -1.0 -1.0 46.0 58.0 -1.0 86.0 -1.0 -1.0 
-1.0 -1.0 -1.0 -1.0 79.0 -1.0 47.0 95.0 68.0 46.0 
-1.0 -1.0 -1.0 -1.0 51.0 18.0 83.0 -1.0 66.0 94.0 
12.0 29.0 -1.0 -1.0 60.0 -1.0 91.0 73.0 -1.0 100.0 
-1.0 -1.0 91.0 -1.0 15.0 -1.0 51.0 -1.0 85.0 -1.0 
-1.0 100.0 42.0 45.0 -1.0 41.0 20.0 51.0 -1.0 -1.0 
80.0 60.0 64.0 26.0 75.0 -1.0 -1.0 -1.0 18.0 -1.0 
39.0 -1.0 75.0 -1.0 -1.0 52.0 -1.0 99.0 20.0 55.0 
61.0 84.0 -1.0 -1.0 34.0 48.0 65.0 -1.0 84.0 -1.0 
-1.0 75.0 -1.0 -1.0 96.0 41.0 98.0 -1.0 29.0 48.0 
97.0 -1.0 66.0 73.0 86.0 22.0 10.0 -1.0 -1.0 29.0 
-1.0 44.0 50.0 -1.0 52.0 23.0 54.0 89.0 -1.0 55.0 
-1.0 42.0 20.0 60.0 39.0 93.0 -1.0 -1.0 -1.0 36.0 
-1.0 82.0 77.0 76.0 64.0 16.0 -1.0 18.0 68.0 -1.0 
65.0 -1.0 -1.0 31.0 96.0 -1.0 25.0 -1.0 84.0 21.0 
48.0 99.0 -1.0 58.0 -1.0 72.0 26.0 -1.0 -1.0 39.0 
-1.0 96.0 -1.0 96.0 52.0 11.0 -1.0 23.0 46.0 -1.0 
-1.0 78.0 -1.0 23.0 -1.0 43.0 -1.0 -1.0 -1.0 -1.0 
47.0 -1.0 -1.0 -1.0 -1.0 -1.0 73.0 54.0 45.0 -1.0 
-1.0 -1.0 85.0 76.0 84.0 -1.0 13.0 -1.0 -1.0 21.0 
-1.0 25.0 -1.0 -1.0 98.0 -1.0 12.0 37.0 35.0 71.0 
94.0 94.0 -1.0 -1.0 72.0 97.0 -1.0 60.0 -1.0 -1.0 
-1.0 24.0 13.0 -1.0 26.0 -1.0 86.0 92.0 81.0 14.0 
46.0 34.0 52.0 61.0 -1.0 -1.0 -1.0 -1.0 15.0 -1.0 
51.0 59.0 47.0 53.0 51.0 -1.0 12.0 -1.0 -1.0 -1.0 
-1.0 60.0 -1.0 -1.0 92.0 24.0 61.0 -1.0 -1.0 55.0 
-1.0 30.0 -1.0 35.0 80.0 74.0 92.0 -1.0 -1.0 15.0 
-1.0 -1.0 76.0 16.0 -1.0 -1.0 -1.0 -1.0 -1.0 41.0 
58.0 -1.0 20.0 79.0 -1.0 -1.0 72.0 84.0 37.0 95.0 
-1.0 95.0 -1.0 -1.0 -1.0 -1.0 -1.0 45.0 20.0 65.0 
-1.0 77.0 -1.0 -1.0 46.0 97.0 97.0 35.0 -1.0 -1.0 
79.0 -1.0 18.0 -1.0 -1.0 73.0 37.0 -1.0 65.0 28.0 
-1.0 40.0 -1.0 10.0 -1.0 75.0 16.0 34.0 -1.0 70.0 
-1.0 19.0 79.0 60.0 -1.0 75.0 56.0 -1.0 -1.0 -1.0 
-1.0 -1.0 39.0 37.0 -1.0 -1.0 -1.0 89.0 65.0 -1.0 
-1.0 56.0 -1.0 -1.0 54.0 16.0 -1.0 -1.0 11.0 -1.0 
-1.0 -1.0 -1.0 34.0 76.0 100.0 -1.0 -1.0 39.0 -1.0 
-1.0 58.0 55.0 17.0 69.0 -1.0 -1.0 -1.0 84.0 -1.0 
-1.0 -1.0 98.0 61.0 66.0 -1.0 59.0 79.0 36.0 -1.0 
35.0 36.0 -1.0 -1.0 -1.0 -1.0 20.0 87.0 -1.0 98.0 
-1.0 -1.0 -1.0 87.0 -1.0 46.0 -1.0 -1.0 66.0 94.0 
-1.0 -1.0 97.0 68.0 -1.0 18.0 -1.0 27.0 -1.0 55.0 
-1.0 17.0 40.0 52.0 -1.0 46.0 -1.0 95.0 13.0 54.0 
32.0 -1.0 -1.0 56.0 32.0 17.0 -1.0 -1.0 -1.0 -1.0 
-1.0 29.0 63.0 -1.0 71.0 75.0 -1.0 -1.0 -1.0 -1.0 
-1.0 -1.0 -1.0 -1.0 -1.0 28.0 53.0 95.0 -1.0 -1.0 
-1.0 66.0 -1.0 97.0 28.0 50.0 -1.0 -1.0 -1.0 63.0 
51.0 48.0 -1.0 11.0 -1.0 66.0 -1.0 41.0 90.0 10.0 
-1.0 98.0 -1.0 56.0 -1.0 20.0 79.0 96.0 75.0 -1.0 
51.0 58.0 -1.0 33.0 -1.0 53.0 91.0 34.0 -1.0 32.0 
-1.0 -1.0 -1.0 88.0 37.0 -1.0 -1.0 -1.0 39.0 -1.0 
