***n m*** 
10 10 
***h*** 
5 8 11 6 9 14 13 9 12 15 
***d*** 
869.95 558.82 849.79 123.3 1229.69 144.66 567.08 1213.67 851.34 1331.69 
***M*** 
1 8 3 10 
10 7 4 8 6 5 2 
5 4 8 6 9 3 10 
10 2 8 4 6 5 1 
7 6 2 5 1 
1 4 3 8 
8 3 2 4 
8 9 5 7 3 4 6 
8 5 3 1 6 9 2 
2 6 10 
10 2 6 5 8 
1 5 4 8 7 2 
7 4 8 3 
5 2 8 1 10 6 
3 4 6 
5 9 2 1 
6 7 3 10 8 1 
6 2 3 10 8 9 1 
5 4 7 6 10 3 2 
3 2 6 7 9 4 
6 5 1 3 
8 10 1 
9 8 1 
7 4 8 10 9 1 
9 5 6 3 
6 3 7 
1 3 9 5 10 8 2 
2 1 9 4 6 10 7 
2 1 6 4 
10 1 4 2 
9 6 5 1 
1 5 4 10 
5 4 1 7 10 3 
8 5 6 2 
4 7 1 
2 6 10 9 
7 5 9 4 2 3 10 
4 9 1 
3 7 8 
3 6 4 
9 6 2 
1 5 4 6 2 
3 9 2 
1 7 8 3 9 2 5 
4 10 3 9 
9 6 10 1 
3 8 1 2 9 7 4 
4 3 10 9 5 
8 6 9 7 10 3 
7 2 5 1 3 6 
5 6 4 
10 5 2 7 9 4 1 
1 10 5 3 8 
4 10 8 
4 1 8 7 5 
9 4 8 10 7 6 1 
1 6 8 3 
7 10 1 9 
8 5 7 2 6 9 
5 10 9 6 
10 9 8 6 
1 8 10 3 6 4 
9 5 3 8 4 
2 10 7 8 5 
9 10 6 2 
4 6 5 
10 5 6 8 2 1 
2 4 7 
8 1 4 5 6 
3 7 8 
3 2 9 1 4 
6 9 5 3 1 7 10 
3 7 10 9 
3 4 10 8 9 5 1 
3 7 4 9 2 
2 8 3 6 7 
5 8 2 3 10 
3 2 10 8 7 
1 5 10 4 9 3 
3 1 5 
5 6 7 
6 8 2 
9 6 2 7 4 8 1 
5 3 9 1 10 
1 7 8 3 4 6 5 
5 3 7 6 2 9 8 
8 2 5 1 
4 9 7 2 8 
8 3 9 5 2 7 
4 1 6 3 8 
3 6 9 
10 9 6 4 2 
8 2 7 1 10 6 9 
3 10 8 4 5 6 7 
3 5 7 10 2 9 
6 10 2 4 
10 4 1 3 8 7 
10 5 4 
6 8 7 3 
1 10 8 4 7 9 6 
5 7 1 3 
6 2 5 8 4 7 9 
***P*** 
39.0 -1.0 92.0 -1.0 -1.0 -1.0 -1.0 40.0 -1.0 34.0 
-1.0 89.0 -1.0 12.0 20.0 13.0 66.0 88.0 -1.0 72.0 
-1.0 -1.0 94.0 54.0 21.0 49.0 -1.0 44.0 98.0 58.0 
67.0 78.0 -1.0 13.0 27.0 27.0 -1.0 39.0 -1.0 21.0 
70.0 55.0 -1.0 -1.0 51.0 90.0 53.0 -1.0 -1.0 -1.0 
22.0 -1.0 35.0 99.0 -1.0 -1.0 -1.0 48.0 -1.0 -1.0 
-1.0 84.0 79.0 84.0 -1.0 -1.0 -1.0 91.0 -1.0 -1.0 
-1.0 -1.0 39.0 36.0 26.0 40.0 95.0 99.0 60.0 -1.0 
92.0 25.0 43.0 -1.0 77.0 51.0 -1.0 80.0 14.0 -1.0 
-1.0 31.0 -1.0 -1.0 -1.0 69.0 -1.0 -1.0 -1.0 64.0 
-1.0 14.0 -1.0 -1.0 55.0 44.0 -1.0 25.0 -1.0 57.0 
66.0 86.0 -1.0 95.0 73.0 -1.0 28.0 65.0 -1.0 -1.0 
-1.0 -1.0 67.0 69.0 -1.0 -1.0 97.0 37.0 -1.0 -1.0 
77.0 92.0 -1.0 -1.0 34.0 88.0 -1.0 76.0 -1.0 93.0 
-1.0 -1.0 50.0 27.0 -1.0 18.0 -1.0 -1.0 -1.0 -1.0 
91.0 65.0 -1.0 -1.0 49.0 -1.0 -1.0 -1.0 64.0 -1.0 
27.0 -1.0 91.0 -1.0 -1.0 50.0 37.0 57.0 -1.0 33.0 
19.0 64.0 56.0 -1.0 -1.0 65.0 -1.0 65.0 39.0 66.0 
-1.0 15.0 48.0 19.0 50.0 47.0 10.0 -1.0 -1.0 80.0 
-1.0 47.0 49.0 32.0 -1.0 50.0 30.0 -1.0 88.0 -1.0 
52.0 -1.0 16.0 -1.0 100.0 21.0 -1.0 -1.0 -1.0 -1.0 
27.0 -1.0 -1.0 -1.0 -1.0 -1.0 -1.0 33.0 -1.0 45.0 
43.0 -1.0 -1.0 -1.0 -1.0 -1.0 -1.0 59.0 73.0 -1.0 
68.0 -1.0 -1.0 94.0 -1.0 -1.0 63.0 29.0 81.0 80.0 
-1.0 -1.0 89.0 -1.0 60.0 20.0 -1.0 -1.0 54.0 -1.0 
-1.0 -1.0 65.0 -1.0 -1.0 33.0 37.0 -1.0 -1.0 -1.0 
46.0 33.0 69.0 -1.0 100.0 -1.0 -1.0 46.0 96.0 97.0 
71.0 15.0 -1.0 76.0 -1.0 59.0 64.0 -1.0 16.0 90.0 
33.0 11.0 -1.0 51.0 -1.0 39.0 -1.0 -1.0 -1.0 -1.0 
57.0 26.0 -1.0 10.0 -1.0 -1.0 -1.0 -1.0 -1.0 44.0 
61.0 -1.0 -1.0 -1.0 97.0 69.0 -1.0 -1.0 69.0 -1.0 
48.0 -1.0 -1.0 54.0 55.0 -1.0 -1.0 -1.0 -1.0 48.0 
15.0 -1.0 88.0 10.0 55.0 -1.0 71.0 -1.0 -1.0 11.0 
-1.0 51.0 -1.0 -1.0 77.0 26.0 -1.0 26.0 -1.0 -1.0 
70.0 -1.0 -1.0 58.0 -1.0 -1.0 99.0 -1.0 -1.0 -1.0 
-1.0 79.0 -1.0 -1.0 -1.0 65.0 -1.0 -1.0 45.0 63.0 
-1.0 11.0 65.0 28.0 76.0 -1.0 16.0 -1.0 31.0 36.0 
16.0 -1.0 -1.0 15.0 -1.0 -1.0 -1.0 -1.0 83.0 -1.0 
-1.0 -1.0 77.0 -1.0 -1.0 -1.0 11.0 67.0 -1.0 -1.0 
-1.0 -1.0 90.0 33.0 -1.0 65.0 -1.0 -1.0 -1.0 -1.0 
-1.0 66.0 -1.0 -1.0 -1.0 15.0 -1.0 -1.0 93.0 -1.0 
55.0 77.0 -1.0 80.0 51.0 88.0 -1.0 -1.0 -1.0 -1.0 
-1.0 68.0 31.0 -1.0 -1.0 -1.0 -1.0 -1.0 92.0 -1.0 
25.0 47.0 91.0 -1.0 39.0 -1.0 40.0 70.0 69.0 -1.0 
-1.0 -1.0 87.0 91.0 -1.0 -1.0 -1.0 -1.0 19.0 47.0 
29.0 -1.0 -1.0 -1.0 -1.0 14.0 -1.0 -1.0 67.0 67.0 
57.0 86.0 34.0 56.0 -1.0 -1.0 86.0 45.0 51.0 -1.0 
-1.0 -1.0 75.0 51.0 73.0 -1.0 -1.0 -1.0 33.0 48.0 
-1.0 -1.0 57.0 -1.0 -1.0 41.0 45.0 67.0 90.0 83.0 
72.0 48.0 65.0 -1.0 12.0 56.0 88.0 -1.0 -1.0 -1.0 
-1.0 -1.0 -1.0 38.0 29.0 75.0 -1.0 -1.0 -1.0 -1.0 
43.0 57.0 -1.0 33.0 22.0 -1.0 24.0 -1.0 89.0 99.0 
81.0 -1.0 70.0 -1.0 95.0 -1.0 -1.0 81.0 -1.0 33.0 
-1.0 -1.0 -1.0 63.0 -1.0 -1.0 -1.0 53.0 -1.0 31.0 
12.0 -1.0 -1.0 22.0 39.0 -1.0 44.0 38.0 -1.0 -1.0 
86.0 -1.0 -1.0 66.0 -1.0 12.0 56.0 76.0 61.0 38.0 
58.0 -1.0 21.0 -1.0 -1.0 30.0 -1.0 39.0 -1.0 -1.0 
61.0 -1.0 -1.0 -1.0 -1.0 -1.0 13.0 -1.0 15.0 34.0 
-1.0 74.0 -1.0 -1.0 15.0 46.0 70.0 64.0 29.0 -1.0 
-1.0 -1.0 -1.0 -1.0 49.0 49.0 -1.0 -1.0 45.0 57.0 
-1.0 -1.0 -1.0 -1.0 -1.0 47.0 -1.0 25.0 15.0 87.0 
22.0 -1.0 37.0 96.0 -1.0 42.0 -1.0 60.0 -1.0 93.0 
-1.0 -1.0 31.0 39.0 98.0 -1.0 -1.0 39.0 52.0 -1.0 
-1.0 27.0 -1.0 -1.0 88.0 -1.0 61.0 37.0 -1.0 34.0 
-1.0 44.0 -1.0 -1.0 -1.0 34.0 -1.0 -1.0 35.0 35.0 
-1.0 -1.0 -1.0 26.0 87.0 45.0 -1.0 -1.0 -1.0 -1.0 
63.0 57.0 -1.0 -1.0 37.0 47.0 -1.0 84.0 -1.0 43.0 
-1.0 72.0 -1.0 74.0 -1.0 -1.0 50.0 -1.0 -1.0 -1.0 
93.0 -1.0 -1.0 29.0 56.0 52.0 -1.0 96.0 -1.0 -1.0 
-1.0 -1.0 51.0 -1.0 -1.0 -1.0 92.0 37.0 -1.0 -1.0 
53.0 70.0 39.0 82.0 -1.0 -1.0 -1.0 -1.0 74.0 -1.0 
18.0 -1.0 37.0 -1.0 56.0 35.0 63.0 -1.0 17.0 88.0 
-1.0 -1.0 82.0 -1.0 -1.0 -1.0 67.0 -1.0 55.0 76.0 
60.0 -1.0 95.0 51.0 48.0 -1.0 -1.0 94.0 26.0 41.0 
-1.0 19.0 22.0 87.0 -1.0 -1.0 93.0 -1.0 20.0 -1.0 
-1.0 64.0 98.0 -1.0 -1.0 74.0 78.0 24.0 -1.0 -1.0 
-1.0 30.0 30.0 -1.0 24.0 -1.0 -1.0 50.0 -1.0 69.0 
-1.0 43.0 92.0 -1.0 -1.0 -1.0 76.0 85.0 -1.0 11.0 
49.0 -1.0 89.0 37.0 47.0 -1.0 -1.0 -1.0 21.0 42.0 
79.0 -1.0 92.0 -1.0 23.0 -1.0 -1.0 -1.0 -1.0 -1.0 
-1.0 -1.0 -1.0 -1.0 88.0 77.0 49.0 -1.0 -1.0 -1.0 
-1.0 50.0 -1.0 -1.0 -1.0 82.0 -1.0 33.0 -1.0 -1.0 
80.0 52.0 -1.0 16.0 -1.0 84.0 22.0 98.0 80.0 -1.0 
13.0 -1.0 85.0 -1.0 54.0 -1.0 -1.0 -1.0 75.0 45.0 
74.0 -1.0 65.0 50.0 65.0 61.0 24.0 72.0 -1.0 -1.0 
-1.0 26.0 46.0 -1.0 12.0 43.0 56.0 52.0 75.0 -1.0 
90.0 59.0 -1.0 -1.0 29.0 -1.0 -1.0 65.0 -1.0 -1.0 
-1.0 70.0 -1.0 10.0 -1.0 -1.0 77.0 92.0 81.0 -1.0 
-1.0 39.0 88.0 -1.0 54.0 -1.0 11.0 28.0 22.0 -1.0 
35.0 -1.0 11.0 82.0 -1.0 90.0 -1.0 100.0 -1.0 -1.0 
-1.0 -1.0 54.0 -1.0 -1.0 75.0 -1.0 -1.0 32.0 -1.0 
-1.0 56.0 -1.0 53.0 -1.0 42.0 -1.0 -1.0 26.0 90.0 
48.0 37.0 -1.0 -1.0 -1.0 28.0 26.0 84.0 50.0 24.0 
-1.0 -1.0 45.0 72.0 32.0 46.0 88.0 97.0 -1.0 25.0 
-1.0 29.0 22.0 -1.0 35.0 -1.0 98.0 -1.0 43.0 86.0 
-1.0 18.0 -1.0 33.0 -1.0 55.0 -1.0 -1.0 -1.0 25.0 
31.0 -1.0 100.0 70.0 -1.0 -1.0 19.0 51.0 -1.0 51.0 
-1.0 -1.0 -1.0 73.0 75.0 -1.0 -1.0 -1.0 -1.0 24.0 
-1.0 -1.0 44.0 -1.0 -1.0 94.0 41.0 62.0 -1.0 -1.0 
13.0 -1.0 -1.0 29.0 -1.0 15.0 85.0 97.0 37.0 53.0 
33.0 -1.0 68.0 -1.0 50.0 -1.0 47.0 -1.0 -1.0 -1.0 
-1.0 16.0 -1.0 12.0 32.0 76.0 45.0 66.0 96.0 -1.0 
