***n m*** 
10 10 
***h*** 
11 6 12 10 9 5 12 7 7 10 
***d*** 
855.46 433.61 770.44 127.21 474.39 628.96 895.96 710.26 475.12 503.7 
***M*** 
3 7 4 10 6 2 
7 2 6 4 8 
4 3 6 8 2 1 5 
2 6 4 3 1 
7 2 10 5 3 9 
4 9 8 
1 6 5 8 10 4 2 
7 4 6 1 3 2 
10 5 3 9 
4 3 10 2 9 7 1 
6 9 2 8 
3 9 8 5 7 4 
8 9 2 5 3 10 7 
10 5 9 8 
5 10 1 6 9 8 
4 5 9 10 
8 1 6 
3 2 8 9 7 4 6 
9 7 10 5 
5 8 3 10 9 1 2 
9 2 3 
1 8 9 3 
8 7 4 1 9 10 3 
1 8 9 6 10 2 5 
6 7 2 4 8 
8 3 2 10 5 4 7 
5 1 10 9 7 
1 9 6 
7 1 6 8 
4 10 9 5 3 7 
7 10 5 
3 9 2 5 
1 2 9 7 
10 9 7 8 4 
6 5 9 10 8 4 
10 6 9 
2 5 6 3 
3 2 7 4 6 
10 7 9 4 2 1 6 
6 10 8 2 7 
8 2 1 6 
6 5 1 
3 4 2 8 5 10 
6 4 1 3 2 7 9 
8 10 4 2 7 9 
2 4 8 9 3 
7 10 8 4 3 
9 4 3 2 
9 7 3 10 6 1 
4 5 9 8 2 6 7 
3 5 6 8 7 
7 4 9 
5 3 4 2 8 
7 8 3 9 2 10 1 
7 10 1 
5 4 10 9 3 
3 5 4 8 
9 10 8 7 6 1 4 
6 2 8 10 1 3 
3 8 7 
1 6 7 
5 2 7 3 10 9 4 
7 2 8 4 10 
3 9 1 7 2 
6 4 7 5 9 8 
10 5 2 
9 8 5 10 
7 4 6 1 9 2 
3 2 9 6 
10 1 7 
7 5 2 1 8 
10 5 9 2 1 7 3 
2 6 8 7 1 
5 2 9 8 10 
3 1 2 
9 10 1 6 
8 5 4 6 
10 1 8 7 6 2 4 
9 7 6 1 8 
4 2 8 3 9 7 
10 3 6 8 9 2 1 
9 8 6 5 1 10 
2 6 3 1 
8 2 7 5 4 
6 7 1 9 
6 9 7 10 4 8 2 
4 9 6 10 5 3 1 
4 7 6 
10 5 7 2 6 1 
***P*** 
-1.0 25.0 59.0 100.0 -1.0 96.0 13.0 -1.0 -1.0 69.0 
-1.0 73.0 -1.0 23.0 -1.0 81.0 54.0 75.0 -1.0 -1.0 
51.0 65.0 10.0 53.0 93.0 76.0 -1.0 43.0 -1.0 -1.0 
46.0 85.0 84.0 23.0 -1.0 51.0 -1.0 -1.0 -1.0 -1.0 
-1.0 94.0 55.0 -1.0 96.0 -1.0 58.0 -1.0 54.0 67.0 
-1.0 -1.0 -1.0 45.0 -1.0 -1.0 -1.0 38.0 94.0 -1.0 
60.0 69.0 -1.0 47.0 93.0 11.0 -1.0 75.0 -1.0 20.0 
75.0 62.0 69.0 87.0 -1.0 24.0 92.0 -1.0 -1.0 -1.0 
-1.0 -1.0 88.0 -1.0 14.0 -1.0 -1.0 -1.0 41.0 59.0 
70.0 48.0 41.0 81.0 -1.0 -1.0 60.0 -1.0 87.0 68.0 
-1.0 68.0 -1.0 -1.0 -1.0 10.0 -1.0 23.0 44.0 -1.0 
-1.0 -1.0 43.0 22.0 99.0 -1.0 76.0 47.0 91.0 -1.0 
-1.0 18.0 67.0 -1.0 25.0 -1.0 24.0 62.0 53.0 10.0 
-1.0 -1.0 -1.0 -1.0 73.0 -1.0 -1.0 43.0 53.0 87.0 
93.0 -1.0 -1.0 -1.0 20.0 44.0 -1.0 80.0 92.0 38.0 
-1.0 -1.0 -1.0 30.0 50.0 -1.0 -1.0 -1.0 75.0 26.0 
89.0 -1.0 -1.0 -1.0 -1.0 27.0 -1.0 60.0 -1.0 -1.0 
-1.0 64.0 57.0 70.0 -1.0 73.0 78.0 24.0 19.0 -1.0 
-1.0 -1.0 -1.0 -1.0 26.0 -1.0 34.0 -1.0 67.0 13.0 
29.0 53.0 62.0 -1.0 68.0 -1.0 -1.0 36.0 61.0 74.0 
-1.0 11.0 41.0 -1.0 -1.0 -1.0 -1.0 -1.0 96.0 -1.0 
44.0 -1.0 15.0 -1.0 -1.0 -1.0 -1.0 58.0 29.0 -1.0 
22.0 -1.0 47.0 20.0 -1.0 -1.0 94.0 78.0 50.0 66.0 
39.0 41.0 -1.0 -1.0 68.0 19.0 -1.0 62.0 68.0 19.0 
-1.0 78.0 -1.0 10.0 -1.0 31.0 75.0 54.0 -1.0 -1.0 
-1.0 89.0 83.0 82.0 91.0 -1.0 72.0 38.0 -1.0 11.0 
91.0 -1.0 -1.0 -1.0 40.0 -1.0 40.0 -1.0 60.0 85.0 
23.0 -1.0 -1.0 -1.0 -1.0 84.0 -1.0 -1.0 50.0 -1.0 
95.0 -1.0 -1.0 -1.0 -1.0 55.0 29.0 62.0 -1.0 -1.0 
-1.0 -1.0 95.0 29.0 70.0 -1.0 67.0 -1.0 54.0 70.0 
-1.0 -1.0 -1.0 -1.0 61.0 -1.0 56.0 -1.0 -1.0 22.0 
-1.0 14.0 25.0 -1.0 26.0 -1.0 -1.0 -1.0 85.0 -1.0 
23.0 32.0 -1.0 -1.0 -1.0 -1.0 91.0 -1.0 76.0 -1.0 
-1.0 -1.0 -1.0 53.0 -1.0 -1.0 20.0 56.0 34.0 48.0 
-1.0 -1.0 -1.0 57.0 17.0 12.0 -1.0 23.0 53.0 36.0 
-1.0 -1.0 -1.0 -1.0 -1.0 99.0 -1.0 -1.0 100.0 93.0 
-1.0 75.0 28.0 -1.0 76.0 21.0 -1.0 -1.0 -1.0 -1.0 
-1.0 41.0 65.0 30.0 -1.0 17.0 98.0 -1.0 -1.0 -1.0 
66.0 76.0 -1.0 99.0 -1.0 45.0 78.0 -1.0 64.0 43.0 
-1.0 48.0 -1.0 -1.0 -1.0 83.0 26.0 83.0 -1.0 24.0 
70.0 91.0 -1.0 -1.0 -1.0 80.0 -1.0 67.0 -1.0 -1.0 
56.0 -1.0 -1.0 -1.0 73.0 18.0 -1.0 -1.0 -1.0 -1.0 
-1.0 52.0 70.0 42.0 56.0 -1.0 -1.0 24.0 -1.0 44.0 
89.0 99.0 51.0 80.0 -1.0 97.0 10.0 -1.0 70.0 -1.0 
-1.0 65.0 -1.0 53.0 -1.0 -1.0 93.0 72.0 49.0 73.0 
-1.0 24.0 36.0 61.0 -1.0 -1.0 -1.0 14.0 72.0 -1.0 
-1.0 -1.0 63.0 45.0 -1.0 -1.0 74.0 19.0 -1.0 57.0 
-1.0 46.0 40.0 29.0 -1.0 -1.0 -1.0 -1.0 91.0 -1.0 
99.0 -1.0 22.0 -1.0 -1.0 24.0 52.0 -1.0 40.0 21.0 
-1.0 13.0 -1.0 91.0 86.0 84.0 65.0 34.0 100.0 -1.0 
-1.0 -1.0 77.0 -1.0 33.0 47.0 49.0 95.0 -1.0 -1.0 
-1.0 -1.0 -1.0 51.0 -1.0 -1.0 80.0 -1.0 39.0 -1.0 
-1.0 17.0 69.0 60.0 69.0 -1.0 -1.0 62.0 -1.0 -1.0 
70.0 81.0 15.0 -1.0 -1.0 -1.0 93.0 47.0 77.0 15.0 
90.0 -1.0 -1.0 -1.0 -1.0 -1.0 35.0 -1.0 -1.0 48.0 
-1.0 -1.0 47.0 72.0 29.0 -1.0 -1.0 -1.0 28.0 52.0 
-1.0 -1.0 46.0 11.0 54.0 -1.0 -1.0 88.0 -1.0 -1.0 
33.0 -1.0 -1.0 67.0 -1.0 41.0 63.0 31.0 68.0 36.0 
30.0 24.0 50.0 -1.0 -1.0 86.0 -1.0 86.0 -1.0 44.0 
-1.0 -1.0 12.0 -1.0 -1.0 -1.0 82.0 55.0 -1.0 -1.0 
77.0 -1.0 -1.0 -1.0 -1.0 30.0 98.0 -1.0 -1.0 -1.0 
-1.0 20.0 15.0 17.0 16.0 -1.0 13.0 -1.0 52.0 41.0 
-1.0 48.0 -1.0 89.0 -1.0 -1.0 100.0 70.0 -1.0 73.0 
54.0 34.0 11.0 -1.0 -1.0 -1.0 86.0 -1.0 52.0 -1.0 
-1.0 -1.0 -1.0 25.0 62.0 17.0 86.0 84.0 90.0 -1.0 
-1.0 80.0 -1.0 -1.0 65.0 -1.0 -1.0 -1.0 -1.0 29.0 
-1.0 -1.0 -1.0 -1.0 13.0 -1.0 -1.0 38.0 34.0 37.0 
86.0 68.0 -1.0 43.0 -1.0 72.0 97.0 -1.0 27.0 -1.0 
-1.0 94.0 94.0 -1.0 -1.0 48.0 -1.0 -1.0 56.0 -1.0 
40.0 -1.0 -1.0 -1.0 -1.0 -1.0 66.0 -1.0 -1.0 12.0 
73.0 84.0 -1.0 -1.0 70.0 -1.0 68.0 94.0 -1.0 -1.0 
67.0 94.0 86.0 -1.0 74.0 -1.0 39.0 -1.0 27.0 76.0 
74.0 75.0 -1.0 -1.0 -1.0 28.0 56.0 27.0 -1.0 -1.0 
-1.0 19.0 -1.0 -1.0 83.0 -1.0 -1.0 11.0 76.0 19.0 
42.0 54.0 18.0 -1.0 -1.0 -1.0 -1.0 -1.0 -1.0 -1.0 
77.0 -1.0 -1.0 -1.0 -1.0 86.0 -1.0 -1.0 88.0 92.0 
-1.0 -1.0 -1.0 14.0 49.0 57.0 -1.0 41.0 -1.0 -1.0 
96.0 65.0 -1.0 68.0 -1.0 19.0 73.0 70.0 -1.0 35.0 
100.0 -1.0 -1.0 -1.0 -1.0 36.0 55.0 78.0 55.0 -1.0 
-1.0 26.0 11.0 10.0 -1.0 -1.0 22.0 96.0 39.0 -1.0 
75.0 42.0 65.0 -1.0 -1.0 23.0 -1.0 72.0 44.0 76.0 
36.0 -1.0 -1.0 -1.0 34.0 85.0 -1.0 51.0 69.0 87.0 
82.0 51.0 58.0 -1.0 -1.0 91.0 -1.0 -1.0 -1.0 -1.0 
-1.0 88.0 -1.0 95.0 21.0 -1.0 48.0 71.0 -1.0 -1.0 
30.0 -1.0 -1.0 -1.0 -1.0 85.0 36.0 -1.0 77.0 -1.0 
-1.0 76.0 -1.0 56.0 -1.0 78.0 74.0 43.0 80.0 88.0 
32.0 -1.0 12.0 21.0 35.0 97.0 -1.0 -1.0 80.0 89.0 
-1.0 -1.0 -1.0 71.0 -1.0 37.0 98.0 -1.0 -1.0 -1.0 
76.0 62.0 -1.0 -1.0 82.0 11.0 68.0 -1.0 -1.0 51.0 
