***n m*** 
20 10 
***h*** 
9 9 7 10 8 7 12 12 11 15 15 10 8 5 14 13 6 13 6 6 
***d*** 
207.1 1436.47 1449.59 1500.87 834.62 210.45 880.86 221.03 1284.8 1535.94 1540.36 1447.1 838.48 1421.62 221.92 215.67 1384.67 870.12 1775.3 1809.18 
***M*** 
3 10 2 
5 4 3 8 
3 4 5 8 
7 4 6 8 3 
3 9 10 1 
1 10 9 6 3 5 7 
6 1 3 5 7 2 4 
9 2 5 1 
2 1 8 6 4 10 
2 6 9 4 3 7 1 
4 9 7 
3 7 10 6 2 5 
6 1 5 7 
4 1 6 9 8 5 
9 1 5 4 2 
9 1 3 2 
8 10 9 
9 4 3 
5 2 7 
9 5 3 4 7 
10 6 4 1 5 9 8 
4 1 6 9 7 10 
5 7 10 
1 2 5 10 9 
3 4 5 7 1 
7 8 1 
2 9 7 8 5 
10 9 4 8 5 2 6 
10 2 3 1 
10 9 6 2 7 3 
1 6 7 9 8 3 
6 1 3 4 
1 5 7 2 8 9 6 
7 3 5 2 8 
10 3 2 5 4 1 
1 7 2 6 8 
6 4 8 1 3 5 10 
8 5 2 6 1 10 3 
9 8 3 1 10 4 
1 4 7 
10 3 8 7 5 4 
1 4 5 2 9 
3 2 8 1 4 9 5 
9 8 1 7 3 4 5 
7 4 8 10 1 5 
7 4 1 8 5 
1 10 4 6 2 7 5 
4 8 9 3 10 
5 2 3 4 6 8 10 
1 5 2 
1 3 9 10 
8 1 4 2 10 7 
3 9 8 
3 9 5 1 4 7 
1 5 4 3 8 
7 6 2 
4 2 8 1 6 
2 8 6 3 
8 4 7 1 5 
8 7 10 
2 6 5 1 4 
9 6 1 
6 9 3 7 10 5 
8 10 6 9 3 2 1 
7 3 8 5 1 
8 9 4 5 3 
2 5 9 3 1 
9 3 1 4 5 6 10 
6 10 2 1 
4 8 3 7 6 
8 7 1 
7 4 9 1 2 3 
6 10 2 8 7 4 9 
8 5 1 3 
5 7 8 1 4 10 3 
1 6 10 4 
5 6 4 3 8 7 9 
7 9 5 2 10 4 
4 9 6 7 8 5 
6 5 10 3 8 7 4 
5 3 7 10 2 
4 5 3 8 2 9 6 
2 10 9 7 
1 4 5 6 10 2 3 
9 8 3 5 6 
8 4 9 
6 7 9 10 
4 10 8 6 2 1 
8 1 2 5 9 7 3 
9 1 6 8 2 3 4 
8 7 10 3 
1 9 8 3 
10 9 3 
4 3 1 10 2 
2 5 6 
4 10 5 8 2 
7 9 5 2 4 
3 4 2 8 1 9 
3 6 1 9 8 10 7 
10 1 7 8 
6 2 3 8 
7 3 9 4 10 5 8 
8 5 2 9 
5 3 7 10 2 
2 9 8 6 5 1 
9 3 4 2 10 
4 10 5 2 
7 1 4 5 3 9 6 
8 1 10 
4 10 5 3 1 6 
4 6 1 
7 4 3 
6 3 1 8 10 5 
6 5 1 10 2 9 
9 1 2 6 3 
5 1 9 
6 5 4 8 
3 9 2 5 4 6 
7 3 10 1 
7 2 1 9 8 3 6 
6 9 4 8 7 
9 5 3 10 4 1 7 
4 2 1 10 9 3 
4 7 10 1 3 5 6 
6 7 10 
10 7 5 2 9 8 
2 8 1 3 6 10 9 
9 8 2 5 
8 7 1 3 9 6 10 
5 9 1 
6 3 10 2 9 
1 9 6 
6 1 5 3 9 8 2 
10 1 8 5 
9 10 4 5 2 
3 10 4 
10 6 9 2 8 5 7 
5 2 8 3 6 9 
1 8 10 
7 10 3 4 9 6 
8 3 2 6 1 7 
5 8 10 6 7 2 3 
10 2 3 1 5 4 
9 1 2 7 4 5 3 
9 4 3 1 
6 5 4 7 9 
9 8 5 6 7 1 
10 2 5 7 
10 1 9 3 5 
9 5 10 6 4 7 3 
9 7 4 2 3 6 
7 3 1 5 10 8 9 
6 1 9 7 
9 6 8 4 3 1 
6 5 10 4 
1 9 10 4 5 
5 2 3 1 
2 8 3 
2 8 9 5 
8 5 10 3 
4 6 10 
4 10 7 
6 8 4 3 1 
1 3 5 6 4 7 8 
4 2 9 3 7 10 5 
6 8 9 
9 2 10 7 4 8 1 
4 3 9 
5 4 8 
1 8 7 6 
7 9 3 2 10 8 6 
3 7 8 9 
6 7 5 1 2 8 3 
5 9 3 7 8 1 10 
4 5 8 6 9 
5 4 10 9 7 8 3 
3 10 7 2 
8 3 4 
3 9 5 7 4 6 
4 5 6 10 3 
2 3 6 10 1 5 7 
3 7 8 2 4 5 1 
6 7 1 8 
5 10 8 7 
10 5 3 2 9 6 
4 5 8 
7 2 5 8 6 
7 8 5 2 10 
6 5 2 7 1 8 
9 5 3 
2 4 9 
9 6 1 3 
2 8 4 10 1 3 
10 3 8 2 
1 3 7 
7 1 5 2 8 4 
***P*** 
-1.0 17.0 51.0 -1.0 -1.0 -1.0 -1.0 -1.0 -1.0 38.0 
-1.0 -1.0 64.0 47.0 99.0 -1.0 -1.0 42.0 -1.0 -1.0 
-1.0 -1.0 99.0 80.0 59.0 -1.0 -1.0 67.0 -1.0 -1.0 
-1.0 -1.0 26.0 93.0 -1.0 77.0 92.0 80.0 -1.0 -1.0 
38.0 -1.0 92.0 -1.0 -1.0 -1.0 -1.0 -1.0 64.0 71.0 
91.0 -1.0 50.0 -1.0 47.0 79.0 85.0 -1.0 36.0 56.0 
91.0 69.0 49.0 89.0 40.0 51.0 56.0 -1.0 -1.0 -1.0 
30.0 37.0 -1.0 -1.0 27.0 -1.0 -1.0 -1.0 14.0 -1.0 
28.0 97.0 -1.0 33.0 -1.0 80.0 -1.0 58.0 -1.0 32.0 
40.0 84.0 29.0 100.0 -1.0 10.0 69.0 -1.0 86.0 -1.0 
-1.0 -1.0 -1.0 87.0 -1.0 -1.0 35.0 -1.0 31.0 -1.0 
-1.0 100.0 48.0 -1.0 23.0 47.0 75.0 -1.0 -1.0 83.0 
51.0 -1.0 -1.0 -1.0 17.0 76.0 30.0 -1.0 -1.0 -1.0 
22.0 -1.0 -1.0 87.0 46.0 81.0 -1.0 65.0 68.0 -1.0 
77.0 76.0 -1.0 95.0 42.0 -1.0 -1.0 -1.0 55.0 -1.0 
24.0 79.0 33.0 -1.0 -1.0 -1.0 -1.0 -1.0 66.0 -1.0 
-1.0 -1.0 -1.0 -1.0 -1.0 -1.0 -1.0 49.0 65.0 99.0 
-1.0 -1.0 89.0 45.0 -1.0 -1.0 -1.0 -1.0 31.0 -1.0 
-1.0 56.0 -1.0 -1.0 93.0 -1.0 33.0 -1.0 -1.0 -1.0 
-1.0 -1.0 79.0 37.0 93.0 -1.0 81.0 -1.0 38.0 -1.0 
73.0 -1.0 -1.0 53.0 39.0 54.0 -1.0 38.0 33.0 24.0 
94.0 -1.0 -1.0 37.0 -1.0 54.0 74.0 -1.0 35.0 52.0 
-1.0 -1.0 -1.0 -1.0 71.0 -1.0 70.0 -1.0 -1.0 68.0 
76.0 56.0 -1.0 -1.0 43.0 -1.0 -1.0 -1.0 69.0 32.0 
17.0 -1.0 82.0 54.0 93.0 -1.0 33.0 -1.0 -1.0 -1.0 
34.0 -1.0 -1.0 -1.0 -1.0 -1.0 74.0 66.0 -1.0 -1.0 
-1.0 32.0 -1.0 -1.0 80.0 -1.0 70.0 66.0 23.0 -1.0 
-1.0 35.0 -1.0 12.0 52.0 10.0 -1.0 35.0 75.0 16.0 
53.0 97.0 95.0 -1.0 -1.0 -1.0 -1.0 -1.0 -1.0 55.0 
-1.0 63.0 20.0 -1.0 -1.0 77.0 63.0 -1.0 79.0 11.0 
28.0 -1.0 28.0 -1.0 -1.0 72.0 13.0 24.0 19.0 -1.0 
81.0 -1.0 20.0 97.0 -1.0 88.0 -1.0 -1.0 -1.0 -1.0 
99.0 22.0 -1.0 -1.0 52.0 21.0 42.0 65.0 78.0 -1.0 
-1.0 60.0 32.0 -1.0 12.0 -1.0 42.0 54.0 -1.0 -1.0 
48.0 30.0 42.0 33.0 95.0 -1.0 -1.0 -1.0 -1.0 89.0 
56.0 87.0 -1.0 -1.0 -1.0 21.0 60.0 96.0 -1.0 -1.0 
39.0 -1.0 18.0 41.0 18.0 70.0 -1.0 50.0 -1.0 61.0 
79.0 14.0 24.0 -1.0 39.0 61.0 -1.0 99.0 -1.0 70.0 
17.0 -1.0 27.0 61.0 -1.0 -1.0 -1.0 29.0 58.0 37.0 
66.0 -1.0 -1.0 73.0 -1.0 -1.0 92.0 -1.0 -1.0 -1.0 
-1.0 -1.0 81.0 81.0 70.0 -1.0 63.0 85.0 -1.0 89.0 
92.0 12.0 -1.0 39.0 21.0 -1.0 -1.0 -1.0 12.0 -1.0 
91.0 13.0 22.0 22.0 11.0 -1.0 -1.0 40.0 84.0 -1.0 
33.0 -1.0 48.0 34.0 84.0 -1.0 89.0 99.0 77.0 -1.0 
83.0 -1.0 -1.0 91.0 53.0 -1.0 99.0 31.0 -1.0 88.0 
76.0 -1.0 -1.0 57.0 77.0 -1.0 71.0 42.0 -1.0 -1.0 
66.0 63.0 -1.0 66.0 16.0 48.0 48.0 -1.0 -1.0 10.0 
-1.0 -1.0 34.0 37.0 -1.0 -1.0 -1.0 84.0 43.0 78.0 
-1.0 38.0 12.0 62.0 86.0 30.0 -1.0 47.0 -1.0 17.0 
63.0 53.0 -1.0 -1.0 68.0 -1.0 -1.0 -1.0 -1.0 -1.0 
29.0 -1.0 66.0 -1.0 -1.0 -1.0 -1.0 -1.0 69.0 84.0 
74.0 25.0 -1.0 44.0 -1.0 -1.0 95.0 68.0 -1.0 70.0 
-1.0 -1.0 29.0 -1.0 -1.0 -1.0 -1.0 67.0 68.0 -1.0 
83.0 -1.0 18.0 45.0 60.0 -1.0 21.0 -1.0 34.0 -1.0 
90.0 -1.0 21.0 62.0 53.0 -1.0 -1.0 74.0 -1.0 -1.0 
-1.0 64.0 -1.0 -1.0 -1.0 17.0 30.0 -1.0 -1.0 -1.0 
99.0 65.0 -1.0 10.0 -1.0 29.0 -1.0 93.0 -1.0 -1.0 
-1.0 90.0 38.0 -1.0 -1.0 21.0 -1.0 33.0 -1.0 -1.0 
52.0 -1.0 -1.0 12.0 78.0 -1.0 72.0 54.0 -1.0 -1.0 
-1.0 -1.0 -1.0 -1.0 -1.0 -1.0 32.0 78.0 -1.0 18.0 
54.0 14.0 -1.0 48.0 64.0 14.0 -1.0 -1.0 -1.0 -1.0 
53.0 -1.0 -1.0 -1.0 -1.0 29.0 -1.0 -1.0 83.0 -1.0 
-1.0 -1.0 22.0 -1.0 25.0 98.0 23.0 -1.0 43.0 41.0 
57.0 39.0 78.0 -1.0 -1.0 22.0 -1.0 38.0 45.0 63.0 
11.0 -1.0 80.0 -1.0 78.0 -1.0 82.0 98.0 -1.0 -1.0 
-1.0 -1.0 80.0 41.0 28.0 -1.0 -1.0 10.0 44.0 -1.0 
29.0 63.0 89.0 -1.0 17.0 -1.0 -1.0 -1.0 81.0 -1.0 
79.0 -1.0 53.0 83.0 64.0 87.0 -1.0 -1.0 25.0 81.0 
45.0 82.0 -1.0 -1.0 -1.0 94.0 -1.0 -1.0 -1.0 96.0 
-1.0 -1.0 70.0 59.0 -1.0 87.0 31.0 82.0 -1.0 -1.0 
42.0 -1.0 -1.0 -1.0 -1.0 -1.0 14.0 45.0 -1.0 -1.0 
93.0 90.0 100.0 53.0 -1.0 -1.0 49.0 -1.0 20.0 -1.0 
-1.0 39.0 -1.0 62.0 -1.0 17.0 82.0 30.0 42.0 42.0 
32.0 -1.0 22.0 -1.0 21.0 -1.0 -1.0 75.0 -1.0 -1.0 
25.0 -1.0 45.0 25.0 44.0 -1.0 48.0 62.0 -1.0 73.0 
35.0 -1.0 -1.0 24.0 -1.0 66.0 -1.0 -1.0 -1.0 37.0 
-1.0 -1.0 64.0 45.0 75.0 89.0 93.0 46.0 66.0 -1.0 
-1.0 87.0 -1.0 22.0 59.0 -1.0 45.0 -1.0 31.0 47.0 
-1.0 -1.0 -1.0 29.0 75.0 14.0 55.0 13.0 84.0 -1.0 
-1.0 -1.0 81.0 82.0 52.0 94.0 16.0 73.0 -1.0 99.0 
-1.0 20.0 88.0 -1.0 96.0 -1.0 31.0 -1.0 -1.0 70.0 
-1.0 36.0 68.0 43.0 80.0 77.0 -1.0 22.0 31.0 -1.0 
-1.0 70.0 -1.0 -1.0 -1.0 -1.0 33.0 -1.0 38.0 36.0 
68.0 34.0 81.0 89.0 52.0 75.0 -1.0 -1.0 -1.0 29.0 
-1.0 -1.0 35.0 -1.0 65.0 47.0 -1.0 28.0 94.0 -1.0 
-1.0 -1.0 -1.0 28.0 -1.0 -1.0 -1.0 54.0 35.0 -1.0 
-1.0 -1.0 -1.0 -1.0 -1.0 91.0 60.0 -1.0 69.0 41.0 
25.0 22.0 -1.0 80.0 -1.0 58.0 -1.0 96.0 -1.0 69.0 
56.0 96.0 81.0 -1.0 95.0 -1.0 40.0 62.0 48.0 -1.0 
32.0 23.0 81.0 19.0 -1.0 44.0 -1.0 29.0 97.0 -1.0 
-1.0 -1.0 25.0 -1.0 -1.0 -1.0 83.0 35.0 -1.0 15.0 
81.0 -1.0 61.0 -1.0 -1.0 -1.0 -1.0 79.0 89.0 -1.0 
-1.0 -1.0 71.0 -1.0 -1.0 -1.0 -1.0 -1.0 35.0 67.0 
45.0 47.0 85.0 82.0 -1.0 -1.0 -1.0 -1.0 -1.0 82.0 
-1.0 42.0 -1.0 -1.0 91.0 61.0 -1.0 -1.0 -1.0 -1.0 
-1.0 44.0 -1.0 41.0 15.0 -1.0 -1.0 85.0 -1.0 34.0 
-1.0 61.0 -1.0 99.0 31.0 -1.0 55.0 -1.0 76.0 -1.0 
33.0 40.0 68.0 68.0 -1.0 -1.0 -1.0 37.0 14.0 -1.0 
42.0 -1.0 45.0 -1.0 -1.0 44.0 33.0 100.0 75.0 82.0 
34.0 -1.0 -1.0 -1.0 -1.0 -1.0 30.0 11.0 -1.0 35.0 
-1.0 81.0 61.0 -1.0 -1.0 77.0 -1.0 96.0 -1.0 -1.0 
-1.0 -1.0 95.0 29.0 84.0 -1.0 97.0 53.0 23.0 79.0 
-1.0 61.0 -1.0 -1.0 71.0 -1.0 -1.0 38.0 70.0 -1.0 
-1.0 81.0 18.0 -1.0 40.0 -1.0 36.0 -1.0 -1.0 14.0 
92.0 62.0 -1.0 -1.0 98.0 70.0 -1.0 42.0 68.0 -1.0 
-1.0 26.0 84.0 15.0 -1.0 -1.0 -1.0 -1.0 66.0 48.0 
-1.0 55.0 -1.0 26.0 67.0 -1.0 -1.0 -1.0 -1.0 20.0 
25.0 -1.0 78.0 33.0 60.0 37.0 59.0 -1.0 52.0 -1.0 
95.0 -1.0 -1.0 -1.0 -1.0 -1.0 -1.0 67.0 -1.0 89.0 
54.0 -1.0 19.0 72.0 32.0 97.0 -1.0 -1.0 -1.0 49.0 
61.0 -1.0 -1.0 16.0 -1.0 48.0 -1.0 -1.0 -1.0 -1.0 
-1.0 -1.0 55.0 94.0 -1.0 -1.0 83.0 -1.0 -1.0 -1.0 
79.0 -1.0 100.0 -1.0 74.0 87.0 -1.0 29.0 -1.0 47.0 
49.0 32.0 -1.0 -1.0 99.0 100.0 -1.0 -1.0 91.0 17.0 
81.0 21.0 80.0 -1.0 -1.0 25.0 -1.0 -1.0 30.0 -1.0 
85.0 -1.0 -1.0 -1.0 64.0 -1.0 -1.0 -1.0 62.0 -1.0 
-1.0 -1.0 -1.0 11.0 97.0 65.0 -1.0 10.0 -1.0 -1.0 
-1.0 26.0 81.0 59.0 97.0 37.0 -1.0 -1.0 12.0 -1.0 
25.0 -1.0 29.0 -1.0 -1.0 -1.0 92.0 -1.0 -1.0 48.0 
70.0 60.0 50.0 -1.0 -1.0 81.0 21.0 69.0 62.0 -1.0 
-1.0 -1.0 -1.0 51.0 -1.0 66.0 12.0 66.0 14.0 -1.0 
71.0 -1.0 19.0 57.0 27.0 -1.0 100.0 -1.0 93.0 26.0 
23.0 13.0 100.0 35.0 -1.0 -1.0 -1.0 -1.0 29.0 14.0 
24.0 -1.0 67.0 50.0 67.0 16.0 46.0 -1.0 -1.0 57.0 
-1.0 -1.0 -1.0 -1.0 -1.0 33.0 71.0 -1.0 -1.0 56.0 
-1.0 74.0 -1.0 -1.0 48.0 -1.0 16.0 88.0 51.0 12.0 
41.0 93.0 46.0 -1.0 -1.0 51.0 -1.0 20.0 89.0 67.0 
-1.0 44.0 -1.0 -1.0 69.0 -1.0 -1.0 40.0 54.0 -1.0 
79.0 -1.0 53.0 -1.0 -1.0 75.0 71.0 16.0 85.0 99.0 
75.0 -1.0 -1.0 -1.0 56.0 -1.0 -1.0 -1.0 41.0 -1.0 
-1.0 79.0 11.0 -1.0 -1.0 70.0 -1.0 -1.0 59.0 22.0 
16.0 -1.0 -1.0 -1.0 -1.0 41.0 -1.0 -1.0 87.0 -1.0 
10.0 30.0 12.0 -1.0 97.0 79.0 -1.0 99.0 34.0 -1.0 
13.0 -1.0 -1.0 -1.0 61.0 -1.0 -1.0 54.0 -1.0 45.0 
-1.0 88.0 -1.0 34.0 56.0 -1.0 -1.0 -1.0 26.0 66.0 
-1.0 -1.0 45.0 67.0 -1.0 -1.0 -1.0 -1.0 -1.0 25.0 
-1.0 51.0 -1.0 -1.0 56.0 22.0 97.0 44.0 30.0 41.0 
-1.0 92.0 55.0 -1.0 22.0 82.0 -1.0 93.0 57.0 -1.0 
91.0 -1.0 -1.0 -1.0 -1.0 -1.0 -1.0 17.0 -1.0 22.0 
-1.0 -1.0 28.0 21.0 -1.0 47.0 27.0 -1.0 80.0 74.0 
82.0 70.0 84.0 -1.0 -1.0 22.0 69.0 42.0 -1.0 -1.0 
-1.0 41.0 52.0 -1.0 19.0 54.0 45.0 60.0 -1.0 14.0 
68.0 46.0 72.0 53.0 80.0 -1.0 -1.0 -1.0 -1.0 53.0 
19.0 82.0 24.0 85.0 19.0 -1.0 53.0 -1.0 47.0 -1.0 
47.0 -1.0 86.0 60.0 -1.0 -1.0 -1.0 -1.0 60.0 -1.0 
-1.0 -1.0 -1.0 35.0 34.0 99.0 41.0 -1.0 19.0 -1.0 
27.0 -1.0 -1.0 -1.0 21.0 14.0 24.0 49.0 92.0 -1.0 
-1.0 80.0 -1.0 -1.0 73.0 -1.0 99.0 -1.0 -1.0 92.0 
32.0 -1.0 75.0 -1.0 66.0 -1.0 -1.0 -1.0 79.0 35.0 
-1.0 -1.0 73.0 95.0 41.0 70.0 87.0 -1.0 12.0 59.0 
-1.0 43.0 51.0 22.0 -1.0 73.0 15.0 -1.0 97.0 -1.0 
86.0 -1.0 41.0 -1.0 37.0 -1.0 76.0 33.0 75.0 38.0 
77.0 -1.0 -1.0 -1.0 -1.0 60.0 60.0 -1.0 43.0 -1.0 
73.0 -1.0 49.0 58.0 -1.0 49.0 -1.0 29.0 48.0 -1.0 
-1.0 -1.0 -1.0 70.0 38.0 75.0 -1.0 -1.0 -1.0 21.0 
99.0 -1.0 -1.0 66.0 23.0 -1.0 -1.0 -1.0 23.0 63.0 
44.0 73.0 19.0 -1.0 62.0 -1.0 -1.0 -1.0 -1.0 -1.0 
-1.0 97.0 47.0 -1.0 -1.0 -1.0 -1.0 15.0 -1.0 -1.0 
-1.0 66.0 -1.0 -1.0 46.0 -1.0 -1.0 27.0 39.0 -1.0 
-1.0 -1.0 12.0 -1.0 31.0 -1.0 -1.0 91.0 -1.0 80.0 
-1.0 -1.0 -1.0 72.0 -1.0 53.0 -1.0 -1.0 -1.0 23.0 
-1.0 -1.0 -1.0 90.0 -1.0 -1.0 30.0 -1.0 -1.0 11.0 
77.0 -1.0 24.0 42.0 -1.0 17.0 -1.0 71.0 -1.0 -1.0 
62.0 -1.0 11.0 20.0 46.0 71.0 89.0 78.0 -1.0 -1.0 
-1.0 91.0 66.0 73.0 57.0 -1.0 15.0 -1.0 24.0 41.0 
-1.0 -1.0 -1.0 -1.0 -1.0 17.0 -1.0 53.0 87.0 -1.0 
33.0 97.0 -1.0 97.0 -1.0 -1.0 89.0 14.0 49.0 65.0 
-1.0 -1.0 68.0 49.0 -1.0 -1.0 -1.0 -1.0 25.0 -1.0 
-1.0 -1.0 -1.0 84.0 36.0 -1.0 -1.0 47.0 -1.0 -1.0 
84.0 -1.0 -1.0 -1.0 -1.0 80.0 84.0 46.0 -1.0 -1.0 
-1.0 92.0 11.0 -1.0 -1.0 92.0 12.0 87.0 10.0 72.0 
-1.0 -1.0 78.0 -1.0 -1.0 -1.0 42.0 34.0 83.0 -1.0 
23.0 70.0 85.0 -1.0 31.0 32.0 14.0 11.0 -1.0 -1.0 
26.0 -1.0 89.0 -1.0 76.0 -1.0 88.0 47.0 59.0 68.0 
-1.0 -1.0 -1.0 46.0 42.0 26.0 -1.0 18.0 42.0 -1.0 
-1.0 -1.0 81.0 49.0 90.0 -1.0 83.0 78.0 57.0 47.0 
-1.0 25.0 16.0 -1.0 -1.0 -1.0 36.0 -1.0 -1.0 78.0 
-1.0 -1.0 72.0 95.0 -1.0 -1.0 -1.0 64.0 -1.0 -1.0 
-1.0 -1.0 91.0 39.0 53.0 72.0 40.0 -1.0 27.0 -1.0 
-1.0 -1.0 70.0 98.0 35.0 46.0 -1.0 -1.0 -1.0 62.0 
92.0 10.0 37.0 -1.0 72.0 58.0 20.0 -1.0 -1.0 32.0 
80.0 95.0 94.0 14.0 63.0 -1.0 38.0 22.0 -1.0 -1.0 
41.0 -1.0 -1.0 -1.0 -1.0 16.0 44.0 78.0 -1.0 -1.0 
-1.0 -1.0 -1.0 -1.0 23.0 -1.0 60.0 56.0 -1.0 19.0 
-1.0 80.0 67.0 -1.0 75.0 99.0 -1.0 -1.0 42.0 81.0 
-1.0 -1.0 -1.0 33.0 94.0 -1.0 -1.0 34.0 -1.0 -1.0 
-1.0 99.0 -1.0 -1.0 19.0 83.0 35.0 61.0 -1.0 -1.0 
-1.0 65.0 -1.0 -1.0 58.0 -1.0 96.0 67.0 -1.0 75.0 
88.0 57.0 -1.0 -1.0 83.0 50.0 98.0 45.0 -1.0 -1.0 
-1.0 -1.0 42.0 -1.0 61.0 -1.0 -1.0 -1.0 97.0 -1.0 
-1.0 12.0 -1.0 98.0 -1.0 -1.0 -1.0 -1.0 93.0 -1.0 
28.0 -1.0 84.0 -1.0 -1.0 93.0 -1.0 -1.0 66.0 -1.0 
12.0 58.0 83.0 76.0 -1.0 -1.0 -1.0 24.0 -1.0 50.0 
-1.0 51.0 54.0 -1.0 -1.0 -1.0 -1.0 62.0 -1.0 57.0 
93.0 -1.0 14.0 -1.0 -1.0 -1.0 51.0 -1.0 -1.0 -1.0 
40.0 15.0 -1.0 61.0 33.0 -1.0 23.0 20.0 -1.0 -1.0 
