***n m*** 
20 10 
***h*** 
5 12 5 7 7 6 7 5 7 15 15 15 12 8 5 9 9 11 10 10 
***d*** 
1045.85 1402.44 1072.02 192.29 195.01 1110.53 1101.85 175.36 1115.7 1858.28 1245.94 207.97 1216.39 1112.48 1580.18 1126.6 752.25 785.24 795.64 1763.59 
***M*** 
4 2 7 5 8 
10 5 9 1 8 4 6 
9 3 6 
3 10 6 9 8 4 
5 6 10 4 
6 2 5 9 4 7 
7 1 2 5 9 
8 3 9 
7 6 4 10 1 5 2 
2 9 8 1 7 
3 10 9 2 7 8 1 
8 5 9 6 2 
5 3 1 6 7 8 
3 8 7 4 
2 5 3 1 10 
8 6 10 
3 5 10 1 
9 7 5 8 3 
8 5 2 6 
5 6 2 
1 7 6 4 
7 2 4 9 3 10 1 
8 9 1 5 3 6 
2 5 1 3 4 
4 7 8 10 2 
5 3 9 4 8 1 
10 3 2 7 
10 3 5 4 7 
3 2 10 4 7 9 1 
3 2 9 7 6 1 10 
5 6 3 1 
8 3 2 6 4 1 
1 2 5 10 9 
6 10 5 9 
1 10 8 
2 6 10 
3 6 1 4 
5 9 7 6 10 1 
8 5 6 
4 9 10 2 1 
9 6 4 3 7 
7 1 4 5 8 2 
8 6 1 4 7 
2 10 4 6 3 
8 9 1 3 
8 5 9 
6 1 2 5 3 9 7 
1 4 3 
9 5 7 2 10 8 3 
6 10 7 8 5 4 
1 3 2 
8 5 4 
6 3 5 
2 4 7 9 8 10 6 
9 1 2 4 
4 1 10 8 
3 6 1 10 2 9 
10 8 6 
10 1 9 
6 3 1 2 8 5 
4 1 2 5 8 
9 1 7 
9 3 6 5 8 4 
1 4 6 2 8 9 3 
8 4 2 5 
5 1 2 
9 3 6 2 4 
7 3 6 5 
5 2 3 7 10 6 9 
9 1 5 4 2 10 
9 8 7 3 10 2 
2 3 9 7 4 8 
10 7 8 2 6 
3 4 10 
3 10 2 4 1 6 
10 6 8 5 3 7 
6 9 4 
5 6 9 1 3 8 10 
6 10 5 3 
6 9 3 10 
2 6 5 7 4 10 
9 2 7 10 1 3 6 
6 5 7 4 1 8 
3 4 7 9 10 2 8 
6 7 3 1 10 9 8 
9 1 6 
6 2 8 9 
1 8 5 
9 5 4 1 6 10 
10 2 6 
8 4 1 10 3 7 6 
4 9 2 5 
8 10 2 4 
10 8 7 9 
6 10 7 
1 10 9 5 
6 5 3 9 4 2 10 
8 6 5 7 9 
8 3 7 10 
7 1 9 6 
6 4 7 
2 1 6 
9 4 3 1 2 
5 8 1 6 
2 6 3 5 9 7 
8 5 3 9 
1 10 7 5 9 3 8 
5 4 10 8 9 
10 1 7 2 
2 1 4 
2 10 8 3 4 6 
5 1 7 4 2 
9 4 7 1 5 
3 10 7 
4 3 10 9 
3 9 6 
3 8 5 6 10 1 
5 8 3 
2 9 6 
10 4 7 5 1 6 2 
7 2 9 8 4 3 
3 6 7 10 
4 9 1 2 3 10 5 
1 5 3 6 7 4 
9 1 6 5 7 2 8 
3 2 6 7 8 9 4 
6 1 3 8 4 9 
5 7 8 
2 3 9 8 
5 2 3 4 
3 5 6 9 2 10 
8 7 3 2 10 
9 7 5 1 4 2 
10 9 5 
9 10 8 
7 5 6 4 10 3 1 
5 9 10 4 2 6 
1 5 9 4 6 7 
2 4 7 
1 7 9 
10 7 9 3 
5 10 7 2 3 
3 4 6 
3 10 2 9 8 1 7 
8 2 6 1 7 3 
1 9 2 3 7 
6 10 5 9 8 2 
1 4 7 6 2 9 
2 8 9 6 7 1 4 
3 10 5 8 9 
10 2 1 5 
2 9 10 8 1 5 3 
1 10 9 
10 4 8 
1 4 8 
7 1 3 2 10 9 
5 6 2 
8 2 6 
8 2 3 5 10 
1 4 6 
1 10 8 3 9 
7 1 6 
5 10 9 8 
10 9 1 8 7 
6 4 2 
4 8 2 7 10 6 
3 8 6 5 
10 2 6 5 
9 2 3 7 4 
1 8 7 3 2 9 6 
7 10 8 2 5 6 
4 2 7 3 1 9 
5 6 9 
2 10 6 5 1 
5 6 4 8 
10 5 6 8 7 2 9 
8 1 4 9 
9 5 1 3 6 
7 3 8 5 6 10 2 
6 5 3 8 
***P*** 
-1.0 95.0 -1.0 98.0 65.0 -1.0 20.0 100.0 -1.0 -1.0 
14.0 -1.0 -1.0 84.0 12.0 66.0 -1.0 59.0 82.0 22.0 
-1.0 -1.0 89.0 -1.0 -1.0 62.0 -1.0 -1.0 18.0 -1.0 
-1.0 -1.0 31.0 84.0 -1.0 42.0 -1.0 78.0 35.0 70.0 
-1.0 -1.0 -1.0 54.0 25.0 90.0 -1.0 -1.0 -1.0 80.0 
-1.0 14.0 -1.0 49.0 62.0 77.0 58.0 -1.0 33.0 -1.0 
87.0 69.0 -1.0 -1.0 78.0 -1.0 48.0 -1.0 67.0 -1.0 
-1.0 -1.0 26.0 -1.0 -1.0 -1.0 -1.0 78.0 33.0 -1.0 
39.0 74.0 -1.0 14.0 41.0 36.0 18.0 -1.0 -1.0 53.0 
62.0 76.0 -1.0 -1.0 -1.0 -1.0 96.0 72.0 12.0 -1.0 
94.0 96.0 25.0 -1.0 -1.0 -1.0 25.0 96.0 22.0 32.0 
-1.0 49.0 -1.0 -1.0 70.0 11.0 -1.0 53.0 65.0 -1.0 
40.0 -1.0 51.0 -1.0 71.0 83.0 58.0 68.0 -1.0 -1.0 
-1.0 -1.0 28.0 79.0 -1.0 -1.0 76.0 21.0 -1.0 -1.0 
83.0 70.0 19.0 -1.0 64.0 -1.0 -1.0 -1.0 -1.0 45.0 
-1.0 -1.0 -1.0 -1.0 -1.0 39.0 -1.0 78.0 -1.0 60.0 
84.0 -1.0 46.0 -1.0 53.0 -1.0 -1.0 -1.0 -1.0 47.0 
-1.0 -1.0 38.0 -1.0 67.0 -1.0 61.0 91.0 57.0 -1.0 
-1.0 72.0 -1.0 -1.0 98.0 42.0 -1.0 59.0 -1.0 -1.0 
-1.0 25.0 -1.0 -1.0 86.0 72.0 -1.0 -1.0 -1.0 -1.0 
96.0 -1.0 -1.0 69.0 -1.0 34.0 84.0 -1.0 -1.0 -1.0 
66.0 26.0 99.0 78.0 -1.0 -1.0 36.0 -1.0 52.0 44.0 
76.0 -1.0 43.0 -1.0 63.0 70.0 -1.0 88.0 14.0 -1.0 
82.0 77.0 93.0 82.0 47.0 -1.0 -1.0 -1.0 -1.0 -1.0 
-1.0 95.0 -1.0 91.0 -1.0 -1.0 21.0 54.0 -1.0 31.0 
32.0 -1.0 14.0 53.0 27.0 -1.0 -1.0 11.0 28.0 -1.0 
-1.0 32.0 47.0 -1.0 -1.0 -1.0 37.0 -1.0 -1.0 78.0 
-1.0 -1.0 50.0 18.0 52.0 -1.0 93.0 -1.0 -1.0 12.0 
59.0 72.0 49.0 69.0 -1.0 -1.0 57.0 -1.0 12.0 66.0 
26.0 28.0 79.0 -1.0 -1.0 63.0 100.0 -1.0 71.0 76.0 
48.0 -1.0 42.0 -1.0 97.0 67.0 -1.0 -1.0 -1.0 -1.0 
59.0 64.0 27.0 31.0 -1.0 100.0 -1.0 18.0 -1.0 -1.0 
49.0 15.0 -1.0 -1.0 100.0 -1.0 -1.0 -1.0 69.0 37.0 
-1.0 -1.0 -1.0 -1.0 68.0 86.0 -1.0 -1.0 20.0 38.0 
55.0 -1.0 -1.0 -1.0 -1.0 -1.0 -1.0 20.0 -1.0 92.0 
-1.0 29.0 -1.0 -1.0 -1.0 100.0 -1.0 -1.0 -1.0 42.0 
46.0 -1.0 26.0 20.0 -1.0 51.0 -1.0 -1.0 -1.0 -1.0 
80.0 -1.0 -1.0 -1.0 83.0 52.0 77.0 -1.0 43.0 49.0 
-1.0 -1.0 -1.0 -1.0 80.0 45.0 -1.0 35.0 -1.0 -1.0 
98.0 34.0 -1.0 20.0 -1.0 -1.0 -1.0 -1.0 96.0 88.0 
-1.0 -1.0 50.0 10.0 -1.0 54.0 100.0 -1.0 91.0 -1.0 
57.0 14.0 -1.0 58.0 54.0 -1.0 74.0 20.0 -1.0 -1.0 
17.0 -1.0 -1.0 51.0 -1.0 17.0 18.0 95.0 -1.0 -1.0 
-1.0 58.0 81.0 22.0 -1.0 76.0 -1.0 -1.0 -1.0 32.0 
60.0 -1.0 79.0 -1.0 -1.0 -1.0 -1.0 69.0 21.0 -1.0 
-1.0 -1.0 -1.0 -1.0 34.0 -1.0 -1.0 45.0 49.0 -1.0 
39.0 31.0 25.0 -1.0 64.0 48.0 79.0 -1.0 95.0 -1.0 
79.0 -1.0 47.0 76.0 -1.0 -1.0 -1.0 -1.0 -1.0 -1.0 
-1.0 58.0 28.0 -1.0 60.0 -1.0 40.0 72.0 50.0 75.0 
-1.0 -1.0 -1.0 55.0 69.0 86.0 90.0 74.0 -1.0 51.0 
55.0 25.0 52.0 -1.0 -1.0 -1.0 -1.0 -1.0 -1.0 -1.0 
-1.0 -1.0 -1.0 12.0 26.0 -1.0 -1.0 71.0 -1.0 -1.0 
-1.0 -1.0 86.0 -1.0 52.0 28.0 -1.0 -1.0 -1.0 -1.0 
-1.0 23.0 -1.0 18.0 -1.0 99.0 16.0 24.0 17.0 29.0 
96.0 51.0 -1.0 43.0 -1.0 -1.0 -1.0 -1.0 29.0 -1.0 
10.0 -1.0 -1.0 84.0 -1.0 -1.0 -1.0 96.0 -1.0 90.0 
22.0 80.0 17.0 -1.0 -1.0 98.0 -1.0 -1.0 66.0 46.0 
-1.0 -1.0 -1.0 -1.0 -1.0 28.0 -1.0 36.0 -1.0 41.0 
84.0 -1.0 -1.0 -1.0 -1.0 -1.0 -1.0 -1.0 19.0 66.0 
75.0 55.0 63.0 -1.0 86.0 29.0 -1.0 65.0 -1.0 -1.0 
95.0 18.0 -1.0 77.0 50.0 -1.0 -1.0 53.0 -1.0 -1.0 
65.0 -1.0 -1.0 -1.0 -1.0 -1.0 14.0 -1.0 73.0 -1.0 
-1.0 -1.0 49.0 15.0 64.0 92.0 -1.0 55.0 39.0 -1.0 
88.0 88.0 51.0 66.0 -1.0 56.0 -1.0 22.0 54.0 -1.0 
-1.0 97.0 -1.0 56.0 49.0 -1.0 -1.0 50.0 -1.0 -1.0 
49.0 100.0 -1.0 -1.0 93.0 -1.0 -1.0 -1.0 -1.0 -1.0 
-1.0 13.0 58.0 30.0 -1.0 84.0 -1.0 -1.0 11.0 -1.0 
-1.0 -1.0 92.0 -1.0 88.0 80.0 29.0 -1.0 -1.0 -1.0 
-1.0 55.0 76.0 -1.0 81.0 26.0 41.0 -1.0 75.0 36.0 
90.0 54.0 -1.0 33.0 56.0 -1.0 -1.0 -1.0 20.0 95.0 
-1.0 55.0 86.0 -1.0 -1.0 -1.0 77.0 59.0 93.0 86.0 
-1.0 70.0 84.0 46.0 -1.0 -1.0 73.0 25.0 11.0 -1.0 
-1.0 73.0 -1.0 -1.0 -1.0 77.0 41.0 98.0 -1.0 50.0 
-1.0 -1.0 86.0 27.0 -1.0 -1.0 -1.0 -1.0 -1.0 93.0 
79.0 74.0 57.0 14.0 -1.0 70.0 -1.0 -1.0 -1.0 74.0 
-1.0 -1.0 63.0 -1.0 46.0 58.0 67.0 81.0 -1.0 51.0 
-1.0 -1.0 -1.0 17.0 -1.0 89.0 -1.0 -1.0 15.0 -1.0 
59.0 -1.0 36.0 -1.0 86.0 37.0 -1.0 37.0 12.0 94.0 
-1.0 -1.0 56.0 -1.0 24.0 76.0 -1.0 -1.0 -1.0 62.0 
-1.0 -1.0 64.0 -1.0 -1.0 73.0 -1.0 -1.0 49.0 80.0 
-1.0 36.0 -1.0 99.0 42.0 89.0 61.0 -1.0 -1.0 42.0 
63.0 91.0 48.0 -1.0 -1.0 29.0 48.0 -1.0 24.0 95.0 
64.0 -1.0 -1.0 12.0 30.0 38.0 77.0 74.0 -1.0 -1.0 
-1.0 44.0 67.0 20.0 -1.0 -1.0 86.0 53.0 27.0 56.0 
18.0 -1.0 11.0 -1.0 -1.0 74.0 28.0 73.0 71.0 100.0 
50.0 -1.0 -1.0 -1.0 -1.0 36.0 -1.0 -1.0 16.0 -1.0 
-1.0 56.0 -1.0 -1.0 -1.0 48.0 -1.0 28.0 10.0 -1.0 
20.0 -1.0 -1.0 -1.0 83.0 -1.0 -1.0 18.0 -1.0 -1.0 
17.0 -1.0 -1.0 65.0 40.0 96.0 -1.0 -1.0 26.0 93.0 
-1.0 54.0 -1.0 -1.0 -1.0 80.0 -1.0 -1.0 -1.0 33.0 
19.0 -1.0 76.0 73.0 -1.0 45.0 38.0 79.0 -1.0 89.0 
-1.0 74.0 -1.0 91.0 28.0 -1.0 -1.0 -1.0 92.0 -1.0 
-1.0 61.0 -1.0 91.0 -1.0 -1.0 -1.0 41.0 -1.0 38.0 
-1.0 -1.0 -1.0 -1.0 -1.0 -1.0 94.0 85.0 23.0 37.0 
-1.0 -1.0 -1.0 -1.0 -1.0 52.0 56.0 -1.0 -1.0 10.0 
85.0 -1.0 -1.0 -1.0 27.0 -1.0 -1.0 -1.0 12.0 43.0 
-1.0 71.0 97.0 17.0 39.0 33.0 -1.0 -1.0 54.0 31.0 
-1.0 -1.0 -1.0 -1.0 19.0 54.0 72.0 61.0 90.0 -1.0 
-1.0 -1.0 63.0 -1.0 -1.0 -1.0 15.0 13.0 -1.0 67.0 
69.0 -1.0 -1.0 -1.0 -1.0 48.0 47.0 -1.0 50.0 -1.0 
-1.0 -1.0 -1.0 61.0 -1.0 22.0 28.0 -1.0 -1.0 -1.0 
22.0 37.0 -1.0 -1.0 -1.0 69.0 -1.0 -1.0 -1.0 -1.0 
19.0 61.0 90.0 33.0 -1.0 -1.0 -1.0 -1.0 63.0 -1.0 
78.0 -1.0 -1.0 -1.0 18.0 82.0 -1.0 69.0 -1.0 -1.0 
-1.0 45.0 88.0 -1.0 47.0 77.0 88.0 -1.0 32.0 -1.0 
-1.0 -1.0 99.0 -1.0 58.0 -1.0 -1.0 96.0 94.0 -1.0 
31.0 -1.0 39.0 -1.0 28.0 -1.0 88.0 52.0 58.0 40.0 
-1.0 -1.0 -1.0 11.0 51.0 -1.0 -1.0 99.0 47.0 46.0 
46.0 36.0 -1.0 -1.0 -1.0 -1.0 44.0 -1.0 -1.0 19.0 
25.0 44.0 -1.0 69.0 -1.0 -1.0 -1.0 -1.0 -1.0 -1.0 
-1.0 66.0 96.0 90.0 -1.0 97.0 -1.0 26.0 -1.0 23.0 
98.0 94.0 -1.0 100.0 10.0 -1.0 97.0 -1.0 -1.0 -1.0 
43.0 -1.0 -1.0 92.0 79.0 -1.0 43.0 -1.0 25.0 -1.0 
-1.0 -1.0 64.0 -1.0 -1.0 -1.0 96.0 -1.0 -1.0 41.0 
-1.0 -1.0 58.0 30.0 -1.0 -1.0 -1.0 -1.0 90.0 44.0 
-1.0 -1.0 26.0 -1.0 -1.0 62.0 -1.0 -1.0 88.0 -1.0 
37.0 -1.0 51.0 -1.0 58.0 48.0 -1.0 10.0 -1.0 89.0 
-1.0 -1.0 30.0 -1.0 29.0 -1.0 -1.0 73.0 -1.0 -1.0 
-1.0 97.0 -1.0 -1.0 -1.0 95.0 -1.0 -1.0 23.0 -1.0 
20.0 88.0 -1.0 22.0 65.0 87.0 25.0 -1.0 -1.0 83.0 
-1.0 44.0 37.0 72.0 -1.0 -1.0 18.0 29.0 62.0 -1.0 
-1.0 -1.0 29.0 -1.0 -1.0 72.0 76.0 -1.0 -1.0 93.0 
99.0 34.0 36.0 76.0 49.0 -1.0 -1.0 -1.0 42.0 47.0 
28.0 -1.0 74.0 98.0 96.0 39.0 58.0 -1.0 -1.0 -1.0 
33.0 66.0 -1.0 -1.0 36.0 45.0 98.0 95.0 20.0 -1.0 
-1.0 76.0 18.0 58.0 -1.0 14.0 67.0 96.0 41.0 -1.0 
87.0 -1.0 47.0 70.0 -1.0 10.0 -1.0 59.0 35.0 -1.0 
-1.0 -1.0 -1.0 -1.0 22.0 -1.0 88.0 94.0 -1.0 -1.0 
-1.0 50.0 69.0 -1.0 -1.0 -1.0 -1.0 57.0 57.0 -1.0 
-1.0 31.0 71.0 10.0 32.0 -1.0 -1.0 -1.0 -1.0 -1.0 
-1.0 95.0 45.0 -1.0 55.0 34.0 -1.0 -1.0 23.0 29.0 
-1.0 63.0 31.0 -1.0 -1.0 -1.0 68.0 56.0 -1.0 49.0 
35.0 78.0 -1.0 90.0 12.0 -1.0 63.0 -1.0 23.0 -1.0 
-1.0 -1.0 -1.0 -1.0 71.0 -1.0 -1.0 -1.0 31.0 83.0 
-1.0 -1.0 -1.0 -1.0 -1.0 -1.0 -1.0 82.0 44.0 23.0 
80.0 -1.0 32.0 64.0 15.0 69.0 55.0 -1.0 -1.0 12.0 
-1.0 22.0 -1.0 18.0 97.0 58.0 -1.0 -1.0 34.0 71.0 
23.0 -1.0 -1.0 16.0 10.0 17.0 69.0 -1.0 73.0 -1.0 
-1.0 18.0 -1.0 54.0 -1.0 -1.0 41.0 -1.0 -1.0 -1.0 
49.0 -1.0 -1.0 -1.0 -1.0 -1.0 68.0 -1.0 61.0 -1.0 
-1.0 -1.0 17.0 -1.0 -1.0 -1.0 90.0 -1.0 100.0 61.0 
-1.0 66.0 41.0 -1.0 19.0 -1.0 10.0 -1.0 -1.0 89.0 
-1.0 -1.0 47.0 37.0 -1.0 13.0 -1.0 -1.0 -1.0 -1.0 
86.0 74.0 76.0 -1.0 -1.0 -1.0 47.0 53.0 29.0 65.0 
36.0 21.0 89.0 -1.0 -1.0 78.0 81.0 65.0 -1.0 -1.0 
80.0 29.0 14.0 -1.0 -1.0 -1.0 88.0 -1.0 11.0 -1.0 
-1.0 19.0 -1.0 -1.0 72.0 70.0 -1.0 78.0 42.0 14.0 
32.0 47.0 -1.0 70.0 -1.0 87.0 72.0 -1.0 39.0 -1.0 
39.0 77.0 -1.0 66.0 -1.0 77.0 26.0 76.0 29.0 -1.0 
-1.0 -1.0 17.0 -1.0 20.0 -1.0 -1.0 28.0 18.0 17.0 
45.0 14.0 -1.0 -1.0 97.0 -1.0 -1.0 -1.0 -1.0 26.0 
73.0 18.0 24.0 -1.0 24.0 -1.0 -1.0 77.0 90.0 87.0 
63.0 -1.0 -1.0 -1.0 -1.0 -1.0 -1.0 -1.0 50.0 26.0 
-1.0 -1.0 -1.0 21.0 -1.0 -1.0 -1.0 66.0 -1.0 11.0 
28.0 -1.0 -1.0 98.0 -1.0 -1.0 -1.0 30.0 -1.0 -1.0 
53.0 46.0 46.0 -1.0 -1.0 -1.0 59.0 -1.0 70.0 51.0 
-1.0 16.0 -1.0 -1.0 78.0 79.0 -1.0 -1.0 -1.0 -1.0 
-1.0 84.0 -1.0 -1.0 -1.0 41.0 -1.0 26.0 -1.0 -1.0 
-1.0 44.0 16.0 -1.0 59.0 -1.0 -1.0 40.0 -1.0 20.0 
46.0 -1.0 -1.0 35.0 -1.0 96.0 -1.0 -1.0 -1.0 -1.0 
65.0 -1.0 45.0 -1.0 -1.0 -1.0 -1.0 61.0 11.0 85.0 
26.0 -1.0 -1.0 -1.0 -1.0 29.0 99.0 -1.0 -1.0 -1.0 
-1.0 -1.0 -1.0 -1.0 25.0 -1.0 -1.0 39.0 61.0 78.0 
76.0 -1.0 -1.0 -1.0 -1.0 -1.0 33.0 48.0 62.0 63.0 
-1.0 56.0 -1.0 72.0 -1.0 92.0 -1.0 -1.0 -1.0 -1.0 
-1.0 21.0 -1.0 28.0 -1.0 37.0 39.0 98.0 -1.0 26.0 
-1.0 -1.0 82.0 -1.0 81.0 96.0 -1.0 91.0 -1.0 -1.0 
-1.0 47.0 -1.0 -1.0 67.0 78.0 -1.0 -1.0 -1.0 69.0 
-1.0 77.0 58.0 21.0 -1.0 -1.0 17.0 -1.0 40.0 -1.0 
24.0 87.0 56.0 -1.0 -1.0 19.0 22.0 93.0 41.0 -1.0 
-1.0 14.0 -1.0 -1.0 65.0 73.0 14.0 79.0 -1.0 95.0 
100.0 99.0 94.0 37.0 -1.0 -1.0 70.0 -1.0 60.0 -1.0 
-1.0 -1.0 -1.0 -1.0 29.0 32.0 -1.0 -1.0 81.0 -1.0 
33.0 96.0 -1.0 -1.0 42.0 49.0 -1.0 -1.0 -1.0 86.0 
-1.0 -1.0 -1.0 40.0 92.0 21.0 -1.0 42.0 -1.0 -1.0 
-1.0 30.0 -1.0 -1.0 19.0 69.0 22.0 30.0 94.0 72.0 
44.0 -1.0 -1.0 25.0 -1.0 -1.0 -1.0 88.0 67.0 -1.0 
30.0 -1.0 42.0 -1.0 16.0 48.0 -1.0 -1.0 32.0 -1.0 
-1.0 31.0 38.0 -1.0 13.0 35.0 96.0 59.0 -1.0 54.0 
-1.0 -1.0 30.0 -1.0 27.0 21.0 -1.0 54.0 -1.0 -1.0 
