***n m*** 
5 6 
***h*** 
10 10 10 5 10 
***d*** 
101.82 712.74 728.48 829.46 430.78 
***M*** 
2 6 4 1 3 
6 1 5 4 3 
3 4 2 6 
5 6 
3 2 1 6 5 4 
3 4 2 5 1 6 
5 4 6 2 1 
3 5 1 4 2 
2 3 4 6 
3 6 4 5 
1 3 2 4 
3 1 4 6 
4 6 5 3 2 
2 5 4 3 1 
1 2 
1 2 4 6 
6 1 2 5 3 4 
3 2 4 6 1 
4 5 2 6 3 
6 3 2 1 5 4 
5 6 3 4 1 2 
5 6 
4 5 2 3 1 6 
4 5 6 3 2 1 
6 3 5 
6 1 5 3 2 4 
1 3 6 
6 4 3 1 5 2 
3 4 2 6 
5 4 
5 3 2 6 4 1 
3 5 2 1 
4 3 2 
3 1 
5 3 6 1 2 4 
6 2 5 1 4 3 
5 4 1 3 2 6 
5 4 6 3 
3 1 4 6 5 2 
3 6 2 
2 5 4 1 6 3 
1 4 5 2 3 
3 6 2 4 
1 6 2 4 3 
1 4 2 3 5 6 
***P*** 
19.0 92.0 26.0 99.0 -1.0 16.0 
92.0 -1.0 88.0 49.0 97.0 42.0 
-1.0 71.0 54.0 52.0 -1.0 66.0 
-1.0 -1.0 -1.0 -1.0 78.0 48.0 
29.0 40.0 56.0 62.0 35.0 67.0 
95.0 81.0 86.0 70.0 78.0 46.0 
56.0 65.0 -1.0 89.0 67.0 75.0 
98.0 87.0 82.0 13.0 60.0 -1.0 
-1.0 57.0 19.0 49.0 -1.0 51.0 
-1.0 -1.0 55.0 57.0 12.0 87.0 
29.0 94.0 77.0 49.0 -1.0 -1.0 
52.0 -1.0 68.0 50.0 -1.0 34.0 
-1.0 69.0 46.0 19.0 17.0 18.0 
68.0 91.0 24.0 41.0 17.0 -1.0 
44.0 89.0 -1.0 -1.0 -1.0 -1.0 
52.0 64.0 -1.0 51.0 -1.0 86.0 
33.0 96.0 84.0 98.0 99.0 16.0 
41.0 50.0 76.0 47.0 -1.0 44.0 
-1.0 47.0 92.0 51.0 50.0 91.0 
36.0 13.0 97.0 49.0 21.0 55.0 
68.0 26.0 78.0 37.0 15.0 77.0 
-1.0 -1.0 -1.0 -1.0 86.0 65.0 
30.0 50.0 29.0 11.0 16.0 51.0 
61.0 69.0 65.0 41.0 33.0 62.0 
-1.0 -1.0 80.0 -1.0 54.0 16.0 
92.0 43.0 56.0 88.0 17.0 44.0 
31.0 -1.0 79.0 -1.0 -1.0 49.0 
12.0 88.0 95.0 96.0 16.0 39.0 
-1.0 26.0 36.0 86.0 -1.0 14.0 
-1.0 -1.0 -1.0 75.0 94.0 -1.0 
58.0 77.0 36.0 69.0 93.0 92.0 
75.0 53.0 75.0 -1.0 69.0 -1.0 
-1.0 30.0 29.0 71.0 -1.0 -1.0 
99.0 -1.0 24.0 -1.0 -1.0 -1.0 
31.0 62.0 54.0 59.0 25.0 58.0 
12.0 78.0 86.0 76.0 70.0 51.0 
37.0 65.0 93.0 78.0 73.0 64.0 
-1.0 -1.0 22.0 73.0 20.0 32.0 
24.0 15.0 63.0 71.0 26.0 54.0 
-1.0 84.0 24.0 -1.0 -1.0 57.0 
62.0 92.0 81.0 94.0 67.0 26.0 
17.0 42.0 64.0 29.0 75.0 -1.0 
-1.0 65.0 56.0 95.0 -1.0 46.0 
31.0 92.0 78.0 50.0 -1.0 78.0 
12.0 95.0 60.0 53.0 40.0 49.0 
