***n m*** 
10 6 
***h*** 
9 9 6 7 10 6 6 6 5 7 
***d*** 
121.98 461.23 690.94 694.74 1099.94 466.53 786.21 806.68 114.17 655.24 
***M*** 
5 1 
3 4 6 1 
6 4 
5 2 
2 5 6 4 1 3 
3 2 
6 1 4 2 3 5 
2 1 6 3 4 5 
3 1 5 2 6 
3 5 
1 6 3 2 4 
3 2 4 6 
2 6 5 
4 5 6 2 
4 5 6 1 3 2 
1 5 2 3 4 
1 6 
3 4 5 1 
4 6 5 1 3 
1 4 6 3 5 
6 2 4 1 3 
3 1 4 5 6 
3 5 4 1 2 
5 4 1 2 
3 5 
6 1 5 
1 5 3 2 6 
3 5 2 
6 4 5 
1 6 5 3 4 2 
6 1 2 4 
6 2 4 
4 5 1 2 6 
6 4 
1 3 4 
1 2 5 3 4 6 
1 3 
6 5 2 4 
1 3 
2 1 4 
2 4 5 6 3 1 
2 1 3 6 
1 3 5 
5 6 4 3 1 2 
5 4 6 2 
1 4 2 5 3 6 
4 1 
4 3 5 2 
3 2 1 4 6 5 
6 4 2 5 1 
1 5 
2 6 1 3 5 4 
4 3 6 
2 5 3 4 6 
4 1 5 
5 2 
1 4 6 5 2 
5 1 2 4 
2 3 5 6 1 4 
3 5 4 6 
3 1 2 
6 2 4 1 3 5 
4 6 
2 1 4 3 6 
4 6 1 5 
1 5 4 6 2 3 
1 4 
2 3 6 4 1 5 
6 5 2 1 4 
5 1 6 
5 4 6 2 1 3 
***P*** 
12.0 -1.0 -1.0 -1.0 12.0 -1.0 
38.0 -1.0 88.0 27.0 -1.0 100.0 
-1.0 -1.0 -1.0 48.0 -1.0 43.0 
-1.0 84.0 -1.0 -1.0 10.0 -1.0 
94.0 72.0 66.0 59.0 98.0 14.0 
-1.0 97.0 45.0 -1.0 -1.0 -1.0 
94.0 82.0 100.0 71.0 62.0 74.0 
95.0 74.0 48.0 19.0 73.0 77.0 
14.0 48.0 94.0 -1.0 53.0 82.0 
-1.0 -1.0 55.0 -1.0 90.0 -1.0 
23.0 61.0 40.0 37.0 -1.0 36.0 
-1.0 23.0 30.0 100.0 -1.0 33.0 
-1.0 72.0 -1.0 -1.0 83.0 26.0 
-1.0 73.0 -1.0 12.0 71.0 93.0 
66.0 59.0 66.0 40.0 49.0 36.0 
57.0 16.0 11.0 57.0 64.0 -1.0 
25.0 -1.0 -1.0 -1.0 -1.0 46.0 
63.0 -1.0 89.0 16.0 87.0 -1.0 
57.0 -1.0 82.0 34.0 100.0 12.0 
79.0 -1.0 39.0 74.0 77.0 91.0 
20.0 100.0 27.0 71.0 -1.0 97.0 
64.0 -1.0 13.0 53.0 55.0 59.0 
71.0 33.0 19.0 88.0 19.0 -1.0 
81.0 59.0 -1.0 83.0 26.0 -1.0 
-1.0 -1.0 66.0 -1.0 100.0 -1.0 
31.0 -1.0 -1.0 -1.0 99.0 42.0 
29.0 11.0 90.0 -1.0 45.0 58.0 
-1.0 87.0 38.0 -1.0 48.0 -1.0 
-1.0 -1.0 -1.0 59.0 23.0 15.0 
32.0 97.0 83.0 60.0 26.0 55.0 
45.0 59.0 -1.0 50.0 -1.0 27.0 
-1.0 96.0 -1.0 100.0 -1.0 17.0 
68.0 17.0 -1.0 12.0 34.0 72.0 
-1.0 -1.0 -1.0 32.0 -1.0 100.0 
85.0 -1.0 61.0 28.0 -1.0 -1.0 
89.0 42.0 51.0 47.0 44.0 28.0 
30.0 -1.0 84.0 -1.0 -1.0 -1.0 
-1.0 36.0 -1.0 95.0 100.0 13.0 
99.0 -1.0 65.0 -1.0 -1.0 -1.0 
47.0 11.0 -1.0 72.0 -1.0 -1.0 
95.0 97.0 60.0 37.0 37.0 42.0 
61.0 11.0 68.0 -1.0 -1.0 98.0 
23.0 -1.0 12.0 -1.0 65.0 -1.0 
40.0 74.0 95.0 12.0 61.0 73.0 
-1.0 27.0 -1.0 71.0 31.0 19.0 
50.0 71.0 51.0 42.0 82.0 16.0 
44.0 -1.0 -1.0 84.0 -1.0 -1.0 
-1.0 41.0 22.0 20.0 35.0 -1.0 
38.0 42.0 50.0 68.0 49.0 57.0 
92.0 45.0 -1.0 45.0 23.0 12.0 
71.0 -1.0 -1.0 -1.0 99.0 -1.0 
48.0 97.0 35.0 69.0 25.0 66.0 
-1.0 -1.0 51.0 63.0 -1.0 45.0 
-1.0 19.0 11.0 52.0 12.0 73.0 
27.0 -1.0 -1.0 45.0 62.0 -1.0 
-1.0 15.0 -1.0 -1.0 35.0 -1.0 
86.0 41.0 -1.0 44.0 63.0 87.0 
84.0 65.0 -1.0 34.0 89.0 -1.0 
96.0 57.0 92.0 23.0 68.0 57.0 
-1.0 -1.0 38.0 64.0 61.0 71.0 
22.0 70.0 70.0 -1.0 -1.0 -1.0 
83.0 61.0 48.0 66.0 33.0 16.0 
-1.0 -1.0 -1.0 85.0 -1.0 49.0 
100.0 61.0 92.0 57.0 -1.0 25.0 
22.0 -1.0 -1.0 91.0 24.0 25.0 
21.0 63.0 88.0 85.0 60.0 13.0 
51.0 -1.0 -1.0 26.0 -1.0 -1.0 
81.0 51.0 91.0 85.0 92.0 19.0 
24.0 76.0 -1.0 53.0 21.0 59.0 
18.0 -1.0 -1.0 -1.0 99.0 77.0 
58.0 28.0 10.0 31.0 25.0 22.0 
