***n m*** 
10 6 
***h*** 
7 8 6 9 8 5 5 6 10 8 
***d*** 
707.28 506.62 711.02 505.53 863.98 821.35 117.76 117.03 128.08 490.26 
***M*** 
1 5 6 3 
6 5 4 3 1 2 
6 4 5 1 
4 6 3 
3 2 6 4 5 
5 2 3 1 
2 1 
6 1 4 2 
3 2 1 5 4 
6 4 5 1 
1 3 6 2 
4 3 1 5 2 
3 6 2 
1 3 2 4 5 6 
2 6 3 4 
6 3 
6 5 1 4 2 3 
6 4 
1 6 3 4 2 5 
3 5 4 
4 5 6 1 2 3 
4 1 3 2 
4 5 2 3 1 6 
1 5 3 2 4 6 
5 6 
4 5 
2 4 1 
3 2 6 4 5 1 
4 5 3 
6 4 
6 1 4 3 5 
1 3 
6 4 5 3 1 
1 4 6 5 
6 5 
3 2 1 5 
1 6 3 4 2 5 
4 3 
2 1 4 
2 1 6 5 3 
4 3 1 5 
4 1 
2 6 
5 2 3 6 4 
5 4 3 1 
5 4 2 
3 1 6 
2 5 
1 6 4 
6 5 
1 2 5 4 6 3 
3 5 
3 2 1 4 5 6 
2 1 3 
1 6 5 2 
5 1 6 2 
3 1 2 5 6 4 
4 3 6 1 5 
6 4 3 5 1 2 
4 6 2 5 
3 4 5 2 1 
3 4 6 2 
2 1 3 5 
2 6 3 5 4 
3 1 4 
1 3 
4 5 1 
2 3 6 
6 2 3 1 
6 4 
2 1 6 3 
5 1 2 6 
***P*** 
10.0 -1.0 55.0 -1.0 81.0 54.0 
47.0 65.0 74.0 29.0 17.0 42.0 
65.0 -1.0 -1.0 32.0 69.0 79.0 
-1.0 -1.0 65.0 13.0 -1.0 85.0 
-1.0 91.0 96.0 63.0 68.0 42.0 
75.0 25.0 58.0 -1.0 50.0 -1.0 
55.0 60.0 -1.0 -1.0 -1.0 -1.0 
18.0 61.0 -1.0 13.0 -1.0 23.0 
78.0 15.0 63.0 99.0 23.0 -1.0 
64.0 -1.0 -1.0 75.0 52.0 62.0 
80.0 50.0 66.0 -1.0 -1.0 47.0 
45.0 42.0 24.0 89.0 14.0 -1.0 
-1.0 82.0 83.0 -1.0 -1.0 99.0 
80.0 31.0 30.0 26.0 19.0 100.0 
-1.0 32.0 48.0 86.0 -1.0 74.0 
-1.0 -1.0 64.0 -1.0 -1.0 90.0 
25.0 56.0 97.0 56.0 11.0 69.0 
-1.0 -1.0 -1.0 96.0 -1.0 50.0 
87.0 44.0 64.0 17.0 70.0 10.0 
-1.0 -1.0 36.0 20.0 47.0 -1.0 
35.0 70.0 97.0 49.0 62.0 33.0 
63.0 63.0 36.0 90.0 -1.0 -1.0 
37.0 25.0 37.0 78.0 80.0 17.0 
30.0 32.0 30.0 56.0 69.0 75.0 
-1.0 -1.0 -1.0 -1.0 54.0 21.0 
-1.0 -1.0 -1.0 33.0 29.0 -1.0 
41.0 79.0 -1.0 69.0 -1.0 -1.0 
15.0 96.0 34.0 67.0 88.0 36.0 
-1.0 -1.0 67.0 14.0 52.0 -1.0 
-1.0 -1.0 -1.0 98.0 -1.0 33.0 
16.0 -1.0 98.0 64.0 77.0 77.0 
89.0 -1.0 48.0 -1.0 -1.0 -1.0 
62.0 -1.0 78.0 60.0 73.0 82.0 
56.0 -1.0 -1.0 90.0 85.0 47.0 
-1.0 -1.0 -1.0 -1.0 72.0 83.0 
86.0 49.0 79.0 -1.0 48.0 -1.0 
34.0 12.0 52.0 29.0 74.0 100.0 
-1.0 -1.0 17.0 16.0 -1.0 -1.0 
71.0 70.0 -1.0 69.0 -1.0 -1.0 
57.0 10.0 70.0 -1.0 49.0 62.0 
48.0 -1.0 47.0 57.0 75.0 -1.0 
58.0 -1.0 -1.0 100.0 -1.0 -1.0 
-1.0 11.0 -1.0 -1.0 -1.0 82.0 
-1.0 88.0 72.0 14.0 80.0 61.0 
75.0 -1.0 82.0 25.0 45.0 -1.0 
-1.0 28.0 -1.0 37.0 97.0 -1.0 
87.0 -1.0 82.0 -1.0 -1.0 43.0 
-1.0 12.0 -1.0 -1.0 87.0 -1.0 
66.0 -1.0 -1.0 66.0 -1.0 65.0 
-1.0 -1.0 -1.0 -1.0 45.0 34.0 
22.0 19.0 73.0 40.0 33.0 14.0 
-1.0 -1.0 100.0 -1.0 31.0 -1.0 
49.0 21.0 72.0 79.0 45.0 25.0 
37.0 67.0 65.0 -1.0 -1.0 -1.0 
12.0 29.0 -1.0 -1.0 51.0 68.0 
75.0 88.0 -1.0 -1.0 85.0 95.0 
90.0 50.0 50.0 52.0 30.0 59.0 
71.0 -1.0 50.0 82.0 88.0 55.0 
16.0 92.0 61.0 23.0 82.0 75.0 
-1.0 77.0 -1.0 27.0 76.0 65.0 
96.0 65.0 11.0 94.0 58.0 -1.0 
-1.0 14.0 30.0 33.0 -1.0 76.0 
13.0 17.0 90.0 -1.0 47.0 -1.0 
-1.0 92.0 38.0 18.0 90.0 12.0 
74.0 -1.0 14.0 83.0 -1.0 -1.0 
35.0 -1.0 71.0 -1.0 -1.0 -1.0 
11.0 -1.0 -1.0 90.0 89.0 -1.0 
-1.0 37.0 70.0 -1.0 -1.0 90.0 
99.0 90.0 44.0 -1.0 -1.0 24.0 
-1.0 -1.0 -1.0 23.0 -1.0 52.0 
45.0 73.0 59.0 -1.0 -1.0 19.0 
65.0 27.0 -1.0 -1.0 58.0 25.0 
