***n m*** 
10 6 
***h*** 
7 10 5 8 7 6 9 6 5 7 
***d*** 
820.26 864.4 662.46 498.9 453.58 118.94 119.31 448.68 420.35 1087.47 
***M*** 
4 1 5 3 2 
5 6 4 2 
3 4 6 5 1 
5 1 4 2 6 3 
5 4 1 2 6 
3 2 5 6 4 
5 3 2 
2 4 
6 1 5 
1 2 4 6 5 3 
4 1 3 
1 2 
5 6 4 
3 2 1 
6 1 
4 2 5 
3 6 4 
2 1 4 6 
3 4 
5 3 6 4 2 
3 6 4 2 5 
3 1 
2 5 
5 1 4 
5 1 3 4 
1 6 3 
6 2 
3 4 2 6 5 
3 2 1 
2 3 5 1 
3 2 4 
4 1 
2 4 3 
2 1 5 4 
4 6 
2 3 5 6 4 1 
3 4 5 2 6 1 
2 1 4 6 3 
4 1 
4 2 1 6 5 3 
2 5 3 4 
4 5 1 2 6 3 
1 3 2 
5 6 2 
4 1 6 
4 2 1 6 3 5 
6 3 5 2 
3 6 4 1 5 
1 5 4 3 2 6 
4 1 3 
5 3 2 6 
1 2 4 6 3 5 
1 5 2 6 3 4 
1 2 3 
3 4 6 5 
4 3 
2 1 6 3 4 5 
6 2 1 4 3 
1 2 4 
6 2 3 5 
4 6 5 
2 4 6 
1 2 3 6 5 
4 5 1 
2 4 3 5 6 1 
2 5 1 3 6 
4 6 1 3 2 
2 1 3 4 
6 2 4 1 5 
2 3 
***P*** 
29.0 53.0 13.0 33.0 55.0 -1.0 
-1.0 59.0 -1.0 60.0 49.0 11.0 
26.0 -1.0 63.0 44.0 55.0 79.0 
91.0 32.0 66.0 18.0 47.0 69.0 
14.0 91.0 -1.0 98.0 20.0 29.0 
-1.0 25.0 37.0 57.0 84.0 22.0 
-1.0 86.0 81.0 -1.0 93.0 -1.0 
-1.0 48.0 -1.0 54.0 -1.0 -1.0 
68.0 -1.0 -1.0 -1.0 24.0 20.0 
72.0 75.0 72.0 26.0 52.0 77.0 
36.0 -1.0 66.0 60.0 -1.0 -1.0 
71.0 15.0 -1.0 -1.0 -1.0 -1.0 
-1.0 -1.0 -1.0 35.0 69.0 86.0 
83.0 68.0 19.0 -1.0 -1.0 -1.0 
60.0 -1.0 -1.0 -1.0 -1.0 29.0 
-1.0 77.0 -1.0 77.0 52.0 -1.0 
-1.0 -1.0 62.0 63.0 -1.0 24.0 
73.0 40.0 -1.0 14.0 -1.0 48.0 
-1.0 -1.0 90.0 40.0 -1.0 -1.0 
-1.0 29.0 63.0 86.0 37.0 87.0 
-1.0 97.0 79.0 96.0 32.0 31.0 
12.0 -1.0 90.0 -1.0 -1.0 -1.0 
-1.0 69.0 -1.0 -1.0 71.0 -1.0 
95.0 -1.0 -1.0 16.0 73.0 -1.0 
82.0 -1.0 81.0 47.0 46.0 -1.0 
19.0 -1.0 31.0 -1.0 -1.0 68.0 
-1.0 50.0 -1.0 -1.0 -1.0 56.0 
-1.0 11.0 34.0 86.0 90.0 75.0 
86.0 17.0 84.0 -1.0 -1.0 -1.0 
11.0 97.0 91.0 -1.0 66.0 -1.0 
-1.0 65.0 82.0 26.0 -1.0 -1.0 
35.0 -1.0 -1.0 71.0 -1.0 -1.0 
-1.0 77.0 44.0 42.0 -1.0 -1.0 
62.0 73.0 -1.0 61.0 38.0 -1.0 
-1.0 -1.0 -1.0 21.0 -1.0 99.0 
21.0 13.0 48.0 16.0 37.0 37.0 
38.0 66.0 94.0 44.0 12.0 12.0 
49.0 73.0 77.0 35.0 -1.0 49.0 
47.0 -1.0 -1.0 50.0 -1.0 -1.0 
49.0 38.0 77.0 50.0 33.0 10.0 
-1.0 28.0 54.0 96.0 38.0 -1.0 
60.0 82.0 16.0 26.0 46.0 32.0 
82.0 63.0 56.0 -1.0 -1.0 -1.0 
-1.0 94.0 -1.0 -1.0 52.0 64.0 
15.0 -1.0 -1.0 40.0 -1.0 93.0 
84.0 39.0 100.0 87.0 55.0 46.0 
-1.0 85.0 72.0 -1.0 99.0 98.0 
83.0 -1.0 14.0 59.0 27.0 32.0 
11.0 78.0 58.0 99.0 26.0 20.0 
62.0 -1.0 81.0 99.0 -1.0 -1.0 
-1.0 96.0 10.0 -1.0 67.0 14.0 
91.0 22.0 32.0 56.0 94.0 45.0 
16.0 64.0 51.0 69.0 67.0 11.0 
70.0 69.0 99.0 -1.0 -1.0 -1.0 
-1.0 -1.0 94.0 94.0 52.0 25.0 
-1.0 -1.0 86.0 27.0 -1.0 -1.0 
30.0 75.0 88.0 48.0 17.0 84.0 
53.0 42.0 57.0 41.0 -1.0 34.0 
18.0 21.0 -1.0 73.0 -1.0 -1.0 
-1.0 29.0 42.0 -1.0 68.0 42.0 
-1.0 -1.0 -1.0 62.0 85.0 48.0 
-1.0 98.0 -1.0 86.0 -1.0 51.0 
50.0 67.0 66.0 -1.0 50.0 79.0 
86.0 -1.0 -1.0 74.0 99.0 -1.0 
69.0 22.0 26.0 32.0 51.0 84.0 
83.0 25.0 24.0 -1.0 62.0 33.0 
71.0 36.0 87.0 69.0 -1.0 82.0 
21.0 12.0 12.0 65.0 -1.0 -1.0 
37.0 81.0 -1.0 74.0 66.0 41.0 
-1.0 80.0 62.0 -1.0 -1.0 -1.0 
