***n m*** 
5 6 
***h*** 
9 6 10 9 10 
***d*** 
855.9 612.75 93.99 386.57 577.16 
***M*** 
3 6 
3 1 
6 4 2 1 
1 5 4 
5 2 4 1 3 
6 2 5 
5 1 6 2 3 
5 4 1 3 6 2 
1 3 4 6 2 
5 6 1 2 
6 1 2 5 4 3 
5 3 6 4 1 2 
3 2 6 5 1 
6 2 5 
5 1 6 2 3 4 
4 2 
5 2 3 4 1 6 
5 4 
3 4 5 1 2 6 
2 1 
5 3 6 4 
1 3 4 5 6 2 
3 2 5 1 6 
2 4 
4 3 1 2 
5 3 4 
2 6 1 5 3 
5 2 
6 2 3 
6 1 4 3 2 
4 5 3 6 1 2 
6 4 2 3 5 1 
6 5 3 4 2 
5 3 2 1 6 
3 2 1 5 
2 3 4 1 5 6 
1 3 5 6 
2 5 6 1 
3 6 
4 3 6 
2 1 
4 2 5 6 1 3 
3 5 2 1 4 6 
6 1 5 2 3 
***P*** 
-1.0 -1.0 93.0 -1.0 -1.0 56.0 
67.0 -1.0 55.0 -1.0 -1.0 -1.0 
82.0 67.0 -1.0 19.0 -1.0 37.0 
24.0 -1.0 -1.0 34.0 72.0 -1.0 
25.0 23.0 34.0 31.0 92.0 -1.0 
-1.0 10.0 -1.0 -1.0 66.0 88.0 
36.0 20.0 38.0 -1.0 43.0 49.0 
74.0 27.0 38.0 24.0 46.0 98.0 
38.0 45.0 70.0 61.0 -1.0 40.0 
11.0 48.0 -1.0 -1.0 63.0 15.0 
92.0 39.0 75.0 86.0 45.0 15.0 
68.0 41.0 12.0 67.0 47.0 28.0 
85.0 24.0 31.0 -1.0 51.0 61.0 
-1.0 99.0 -1.0 -1.0 60.0 84.0 
31.0 87.0 25.0 42.0 41.0 92.0 
-1.0 27.0 -1.0 17.0 -1.0 -1.0 
44.0 81.0 28.0 72.0 22.0 59.0 
-1.0 -1.0 -1.0 75.0 72.0 -1.0 
17.0 44.0 24.0 59.0 22.0 60.0 
67.0 28.0 -1.0 -1.0 -1.0 -1.0 
-1.0 -1.0 38.0 52.0 49.0 70.0 
71.0 15.0 94.0 61.0 38.0 56.0 
48.0 59.0 88.0 -1.0 93.0 37.0 
-1.0 44.0 -1.0 43.0 -1.0 -1.0 
93.0 10.0 23.0 63.0 -1.0 -1.0 
-1.0 -1.0 63.0 62.0 98.0 -1.0 
62.0 30.0 41.0 -1.0 82.0 68.0 
-1.0 97.0 -1.0 -1.0 83.0 -1.0 
-1.0 23.0 65.0 -1.0 -1.0 65.0 
15.0 83.0 50.0 71.0 -1.0 71.0 
90.0 66.0 35.0 66.0 86.0 40.0 
69.0 26.0 22.0 89.0 19.0 97.0 
-1.0 44.0 89.0 80.0 50.0 29.0 
98.0 70.0 12.0 -1.0 79.0 33.0 
79.0 75.0 85.0 -1.0 54.0 -1.0 
87.0 71.0 67.0 49.0 28.0 53.0 
83.0 -1.0 93.0 -1.0 33.0 57.0 
82.0 64.0 -1.0 -1.0 25.0 43.0 
-1.0 -1.0 29.0 -1.0 -1.0 27.0 
-1.0 -1.0 22.0 77.0 -1.0 85.0 
99.0 71.0 -1.0 -1.0 -1.0 -1.0 
71.0 19.0 93.0 39.0 75.0 87.0 
98.0 55.0 40.0 49.0 45.0 84.0 
69.0 71.0 75.0 -1.0 100.0 34.0 
