***n m*** 
5 6 
***h*** 
7 7 7 7 8 
***d*** 
517.39 590.16 88.45 829.87 617.61 
***M*** 
5 4 2 1 6 3 
4 3 5 6 1 
2 3 1 5 6 4 
6 4 1 3 5 2 
6 2 5 3 1 
6 1 4 5 
2 5 1 3 4 6 
4 6 
6 5 
6 1 4 5 2 3 
2 4 6 1 5 
2 3 
4 1 6 2 
3 5 1 6 2 
2 1 3 5 6 
6 3 2 1 
6 3 1 2 
3 1 6 5 2 4 
3 4 2 
2 1 5 
1 4 3 5 
6 4 3 
2 5 1 3 4 
4 6 2 
6 2 5 4 
1 6 3 5 
3 1 
3 6 2 1 
2 3 1 6 4 
6 4 
2 6 
2 1 
2 6 5 
5 4 3 2 6 
3 6 
4 1 5 6 
***P*** 
76.0 21.0 83.0 46.0 89.0 49.0 
82.0 -1.0 75.0 79.0 98.0 15.0 
41.0 31.0 33.0 88.0 84.0 43.0 
39.0 47.0 97.0 32.0 70.0 72.0 
24.0 14.0 31.0 -1.0 23.0 62.0 
73.0 -1.0 -1.0 66.0 88.0 76.0 
43.0 76.0 24.0 25.0 21.0 98.0 
-1.0 -1.0 -1.0 79.0 -1.0 73.0 
-1.0 -1.0 -1.0 -1.0 46.0 97.0 
98.0 67.0 94.0 26.0 89.0 98.0 
68.0 66.0 -1.0 89.0 64.0 10.0 
-1.0 17.0 47.0 -1.0 -1.0 -1.0 
76.0 48.0 -1.0 38.0 -1.0 97.0 
47.0 12.0 12.0 -1.0 72.0 92.0 
10.0 44.0 41.0 -1.0 59.0 49.0 
62.0 22.0 73.0 -1.0 -1.0 31.0 
82.0 67.0 39.0 -1.0 -1.0 91.0 
21.0 79.0 28.0 88.0 73.0 67.0 
-1.0 49.0 55.0 40.0 -1.0 -1.0 
24.0 33.0 -1.0 -1.0 17.0 -1.0 
79.0 -1.0 34.0 74.0 56.0 -1.0 
-1.0 -1.0 15.0 30.0 -1.0 87.0 
56.0 59.0 75.0 51.0 70.0 -1.0 
-1.0 55.0 -1.0 42.0 -1.0 98.0 
-1.0 43.0 -1.0 90.0 91.0 93.0 
21.0 -1.0 77.0 -1.0 23.0 52.0 
64.0 -1.0 54.0 -1.0 -1.0 -1.0 
72.0 94.0 92.0 -1.0 -1.0 89.0 
32.0 14.0 60.0 74.0 -1.0 90.0 
-1.0 -1.0 -1.0 98.0 -1.0 97.0 
-1.0 90.0 -1.0 -1.0 -1.0 96.0 
94.0 69.0 -1.0 -1.0 -1.0 -1.0 
-1.0 47.0 -1.0 -1.0 17.0 80.0 
-1.0 54.0 90.0 41.0 59.0 88.0 
-1.0 -1.0 91.0 -1.0 -1.0 34.0 
58.0 -1.0 -1.0 35.0 51.0 24.0 
