***n m*** 
5 6 
***h*** 
7 9 10 10 6 
***d*** 
90.63 818.23 397.38 599.45 541.42 
***M*** 
1 4 3 5 2 
6 4 5 3 2 1 
6 4 3 5 
3 1 4 5 2 6 
4 1 5 2 3 
5 4 6 2 3 
6 3 4 2 5 1 
1 4 
1 6 2 
5 4 2 1 3 
3 4 5 6 2 
4 3 2 5 1 6 
6 3 4 2 5 1 
6 2 
2 3 4 5 6 
1 6 3 
5 4 2 6 
2 3 6 4 5 1 
2 1 3 5 
5 3 1 
3 1 2 
1 5 3 4 2 6 
1 3 4 2 6 
1 5 6 3 4 
3 6 4 5 2 1 
2 4 1 6 
1 3 4 
4 5 
6 2 3 4 
5 1 3 
1 5 3 2 6 4 
1 3 5 
4 5 2 6 
6 1 
5 6 3 2 4 1 
1 4 2 5 3 
5 2 1 3 6 4 
6 1 
4 6 2 1 5 3 
1 5 6 3 
3 2 
3 1 2 
***P*** 
31.0 74.0 91.0 75.0 96.0 -1.0 
77.0 18.0 79.0 63.0 34.0 42.0 
-1.0 -1.0 17.0 92.0 83.0 94.0 
30.0 81.0 74.0 60.0 65.0 58.0 
89.0 19.0 39.0 84.0 64.0 -1.0 
-1.0 39.0 42.0 95.0 72.0 68.0 
82.0 80.0 35.0 17.0 22.0 47.0 
89.0 -1.0 -1.0 85.0 -1.0 -1.0 
97.0 49.0 -1.0 -1.0 -1.0 75.0 
18.0 92.0 81.0 22.0 45.0 -1.0 
-1.0 64.0 64.0 81.0 59.0 35.0 
87.0 12.0 36.0 42.0 92.0 69.0 
20.0 19.0 61.0 59.0 62.0 16.0 
-1.0 100.0 -1.0 -1.0 -1.0 73.0 
-1.0 95.0 52.0 11.0 16.0 59.0 
16.0 -1.0 23.0 -1.0 -1.0 46.0 
-1.0 30.0 -1.0 40.0 33.0 86.0 
65.0 55.0 86.0 95.0 68.0 79.0 
61.0 82.0 93.0 -1.0 31.0 -1.0 
21.0 -1.0 97.0 -1.0 12.0 -1.0 
15.0 21.0 61.0 -1.0 -1.0 -1.0 
92.0 54.0 59.0 75.0 35.0 62.0 
94.0 61.0 33.0 81.0 -1.0 14.0 
49.0 -1.0 26.0 23.0 40.0 75.0 
73.0 83.0 71.0 45.0 30.0 45.0 
72.0 91.0 -1.0 97.0 -1.0 91.0 
32.0 -1.0 68.0 65.0 -1.0 -1.0 
-1.0 -1.0 -1.0 100.0 27.0 -1.0 
-1.0 33.0 77.0 22.0 -1.0 95.0 
10.0 -1.0 12.0 -1.0 76.0 -1.0 
65.0 80.0 41.0 15.0 23.0 36.0 
36.0 -1.0 36.0 -1.0 22.0 -1.0 
-1.0 18.0 -1.0 58.0 31.0 37.0 
95.0 -1.0 -1.0 -1.0 -1.0 21.0 
51.0 73.0 92.0 62.0 37.0 54.0 
71.0 99.0 20.0 63.0 91.0 -1.0 
100.0 10.0 77.0 83.0 59.0 65.0 
12.0 -1.0 -1.0 -1.0 -1.0 85.0 
41.0 39.0 77.0 84.0 22.0 94.0 
76.0 -1.0 85.0 -1.0 94.0 95.0 
-1.0 88.0 35.0 -1.0 -1.0 -1.0 
12.0 82.0 75.0 -1.0 -1.0 -1.0 
