***n m*** 
10 6 
***h*** 
6 6 10 9 5 5 6 8 7 8 
***d*** 
105.64 694.22 122.8 476.96 966.65 759.16 756.62 1009.42 1017.27 112.05 
***M*** 
1 5 
5 3 1 4 
2 3 5 6 4 1 
6 4 5 1 3 2 
1 5 3 2 
6 4 3 
5 2 1 4 
1 6 
1 3 4 
2 1 
4 3 1 6 5 
4 5 2 6 
2 4 
6 3 5 
2 4 
2 5 6 1 3 
4 5 3 1 
4 1 2 3 5 
3 5 
6 4 3 2 1 5 
5 1 
4 3 2 6 5 
4 5 6 1 
3 5 2 
2 3 4 
6 1 2 4 5 3 
1 3 2 5 
5 2 1 4 
2 6 1 3 5 4 
5 3 
6 5 3 
4 1 3 6 5 2 
4 3 6 
1 5 3 
6 2 5 4 
2 1 3 6 
1 4 5 6 2 
5 6 1 4 3 2 
3 4 
5 6 3 
2 1 3 4 5 
5 2 6 3 
4 5 6 1 2 3 
6 4 3 2 1 5 
3 6 2 
5 6 4 
2 6 1 
4 2 
6 4 5 1 3 2 
6 5 2 1 
6 2 
6 3 2 
5 1 6 
4 6 3 1 5 
3 5 
1 6 
6 3 1 2 4 
5 6 3 4 2 1 
1 4 6 2 
1 6 2 5 
5 6 2 1 3 4 
3 1 6 2 4 
2 3 4 1 6 
5 1 6 2 
2 1 4 5 
4 6 1 3 5 2 
1 6 4 5 
1 3 4 2 5 6 
3 4 5 2 
4 6 5 2 3 
***P*** 
42.0 -1.0 -1.0 -1.0 36.0 -1.0 
91.0 -1.0 71.0 71.0 86.0 -1.0 
98.0 84.0 31.0 39.0 77.0 77.0 
35.0 98.0 49.0 83.0 73.0 13.0 
28.0 19.0 76.0 -1.0 86.0 -1.0 
-1.0 -1.0 43.0 11.0 -1.0 51.0 
15.0 69.0 -1.0 49.0 90.0 -1.0 
82.0 -1.0 -1.0 -1.0 -1.0 29.0 
60.0 -1.0 93.0 71.0 -1.0 -1.0 
89.0 71.0 -1.0 -1.0 -1.0 -1.0 
15.0 -1.0 10.0 70.0 37.0 28.0 
-1.0 72.0 -1.0 44.0 37.0 95.0 
-1.0 78.0 -1.0 42.0 -1.0 -1.0 
-1.0 -1.0 10.0 -1.0 16.0 100.0 
-1.0 70.0 -1.0 19.0 -1.0 -1.0 
56.0 50.0 50.0 -1.0 58.0 15.0 
95.0 -1.0 48.0 97.0 54.0 -1.0 
30.0 49.0 72.0 74.0 28.0 -1.0 
-1.0 -1.0 47.0 -1.0 14.0 -1.0 
91.0 14.0 44.0 35.0 85.0 64.0 
66.0 -1.0 -1.0 -1.0 100.0 -1.0 
-1.0 47.0 10.0 36.0 16.0 89.0 
89.0 -1.0 -1.0 73.0 60.0 18.0 
-1.0 17.0 57.0 -1.0 24.0 -1.0 
-1.0 32.0 21.0 43.0 -1.0 -1.0 
78.0 26.0 43.0 32.0 51.0 14.0 
31.0 81.0 87.0 -1.0 46.0 -1.0 
74.0 99.0 -1.0 62.0 29.0 -1.0 
49.0 38.0 40.0 33.0 26.0 51.0 
-1.0 -1.0 56.0 -1.0 72.0 -1.0 
-1.0 -1.0 55.0 -1.0 85.0 14.0 
82.0 31.0 91.0 69.0 81.0 32.0 
-1.0 -1.0 24.0 10.0 -1.0 52.0 
63.0 -1.0 90.0 -1.0 34.0 -1.0 
-1.0 21.0 -1.0 98.0 58.0 44.0 
99.0 31.0 49.0 -1.0 -1.0 74.0 
82.0 75.0 -1.0 24.0 58.0 89.0 
80.0 56.0 93.0 29.0 84.0 47.0 
-1.0 -1.0 11.0 82.0 -1.0 -1.0 
-1.0 -1.0 69.0 -1.0 66.0 100.0 
79.0 91.0 36.0 80.0 28.0 -1.0 
-1.0 93.0 44.0 -1.0 27.0 87.0 
88.0 45.0 89.0 71.0 68.0 76.0 
93.0 36.0 19.0 56.0 47.0 86.0 
-1.0 92.0 30.0 -1.0 -1.0 81.0 
-1.0 -1.0 -1.0 16.0 20.0 56.0 
68.0 76.0 -1.0 -1.0 -1.0 14.0 
-1.0 13.0 -1.0 20.0 -1.0 -1.0 
98.0 12.0 81.0 96.0 15.0 48.0 
66.0 87.0 -1.0 -1.0 11.0 44.0 
-1.0 50.0 -1.0 -1.0 -1.0 42.0 
-1.0 45.0 51.0 -1.0 -1.0 75.0 
45.0 -1.0 -1.0 -1.0 51.0 78.0 
33.0 -1.0 81.0 92.0 65.0 10.0 
-1.0 -1.0 11.0 -1.0 16.0 -1.0 
68.0 -1.0 -1.0 -1.0 -1.0 90.0 
46.0 22.0 67.0 30.0 -1.0 91.0 
19.0 46.0 76.0 85.0 83.0 52.0 
69.0 69.0 -1.0 94.0 -1.0 96.0 
38.0 23.0 -1.0 -1.0 67.0 97.0 
61.0 87.0 70.0 32.0 79.0 83.0 
14.0 45.0 80.0 48.0 -1.0 75.0 
46.0 76.0 76.0 100.0 -1.0 70.0 
57.0 30.0 -1.0 -1.0 57.0 67.0 
37.0 38.0 -1.0 89.0 100.0 -1.0 
52.0 12.0 14.0 33.0 34.0 88.0 
72.0 -1.0 -1.0 24.0 73.0 74.0 
44.0 82.0 65.0 56.0 75.0 74.0 
-1.0 71.0 22.0 34.0 92.0 -1.0 
-1.0 27.0 45.0 66.0 31.0 38.0 
