***n m*** 
5 6 
***h*** 
6 8 7 7 10 
***d*** 
707.6 732.49 585.48 76.99 327.64 
***M*** 
4 1 3 
1 5 2 3 6 
5 3 6 2 
2 3 4 
5 3 6 1 4 2 
6 1 5 3 2 
1 5 2 
6 3 4 
4 1 3 5 2 
5 2 6 1 
3 2 4 1 
3 6 
5 4 
1 5 6 
5 4 6 1 2 3 
3 4 
3 2 5 4 6 1 
3 5 
2 1 3 6 4 
2 5 4 3 6 1 
6 3 4 1 
5 3 2 6 4 1 
1 2 4 3 6 
4 3 
6 5 
1 2 6 4 
6 1 3 2 5 
4 2 5 
2 5 4 1 
6 5 2 
4 1 5 6 
3 6 5 2 
2 3 4 6 
5 3 
4 2 
3 1 2 6 4 
4 5 
4 3 
***P*** 
89.0 -1.0 68.0 31.0 -1.0 -1.0 
18.0 14.0 46.0 -1.0 81.0 11.0 
-1.0 88.0 48.0 -1.0 10.0 14.0 
-1.0 50.0 45.0 24.0 -1.0 -1.0 
98.0 11.0 23.0 93.0 77.0 76.0 
63.0 34.0 79.0 -1.0 87.0 63.0 
20.0 39.0 -1.0 -1.0 29.0 -1.0 
-1.0 -1.0 18.0 45.0 -1.0 97.0 
21.0 79.0 70.0 15.0 25.0 -1.0 
98.0 52.0 -1.0 -1.0 23.0 72.0 
83.0 29.0 37.0 19.0 -1.0 -1.0 
-1.0 -1.0 21.0 -1.0 -1.0 99.0 
-1.0 -1.0 -1.0 91.0 32.0 -1.0 
87.0 -1.0 -1.0 -1.0 57.0 99.0 
98.0 65.0 24.0 29.0 56.0 96.0 
-1.0 -1.0 89.0 25.0 -1.0 -1.0 
97.0 99.0 12.0 69.0 35.0 52.0 
-1.0 -1.0 38.0 -1.0 98.0 -1.0 
54.0 88.0 30.0 82.0 -1.0 47.0 
59.0 86.0 99.0 72.0 46.0 26.0 
64.0 -1.0 66.0 93.0 -1.0 56.0 
78.0 16.0 24.0 69.0 25.0 34.0 
76.0 53.0 36.0 72.0 -1.0 23.0 
-1.0 -1.0 76.0 27.0 -1.0 -1.0 
-1.0 -1.0 -1.0 -1.0 37.0 52.0 
26.0 47.0 -1.0 59.0 -1.0 97.0 
18.0 57.0 48.0 -1.0 82.0 63.0 
-1.0 85.0 -1.0 54.0 11.0 -1.0 
77.0 75.0 -1.0 96.0 35.0 -1.0 
-1.0 42.0 -1.0 -1.0 93.0 23.0 
64.0 -1.0 -1.0 33.0 52.0 66.0 
-1.0 30.0 78.0 -1.0 64.0 68.0 
-1.0 36.0 60.0 37.0 -1.0 99.0 
-1.0 -1.0 55.0 -1.0 31.0 -1.0 
-1.0 72.0 -1.0 28.0 -1.0 -1.0 
74.0 47.0 58.0 19.0 -1.0 92.0 
-1.0 -1.0 -1.0 31.0 21.0 -1.0 
-1.0 -1.0 58.0 17.0 -1.0 -1.0 
