***n m*** 
10 6 
***h*** 
7 10 10 7 5 5 9 9 5 10 
***d*** 
851.82 127.62 909.8 1125.02 1048.05 117.17 758.93 511.62 770.55 521.75 
***M*** 
5 6 4 1 3 2 
3 1 6 2 
3 1 5 2 4 
3 6 5 4 
1 5 
2 1 3 
4 6 5 2 1 3 
2 4 3 
1 3 
4 6 5 
5 3 1 
6 4 1 
2 1 6 4 
4 3 
1 5 6 3 
6 5 4 
3 2 1 4 
6 3 4 
1 6 
5 2 
4 1 5 2 3 
1 5 6 3 4 2 
3 1 6 4 
4 3 6 1 
5 6 2 
3 2 5 
3 1 
1 6 
4 6 1 
5 2 4 3 6 1 
6 1 
4 1 5 6 
6 4 1 5 
5 1 2 6 
4 6 
2 4 
3 2 
4 2 5 
5 2 3 4 1 
4 6 2 5 3 
4 3 6 2 5 
3 2 1 5 6 
3 2 6 
5 2 4 6 
4 6 
2 6 3 4 
2 1 4 5 3 
3 2 5 1 4 6 
5 4 3 
3 5 1 2 4 
5 6 
4 2 6 3 
5 6 3 1 
6 2 4 5 1 
2 5 1 4 3 
1 2 6 4 3 
1 4 
6 2 3 
6 5 4 3 2 1 
3 2 
1 4 6 5 2 3 
3 5 1 6 4 2 
1 4 2 
4 2 
6 2 5 3 4 1 
6 1 4 2 5 3 
4 3 6 
2 4 6 3 5 1 
2 5 
6 3 4 5 
4 3 
3 1 
6 2 
3 4 6 1 5 
2 1 5 3 4 6 
5 2 3 1 4 
2 4 5 3 1 6 
***P*** 
96.0 86.0 31.0 18.0 91.0 57.0 
60.0 56.0 89.0 -1.0 -1.0 26.0 
48.0 72.0 72.0 99.0 98.0 -1.0 
-1.0 -1.0 52.0 43.0 73.0 19.0 
17.0 -1.0 -1.0 -1.0 56.0 -1.0 
39.0 50.0 36.0 -1.0 -1.0 -1.0 
68.0 76.0 39.0 100.0 21.0 91.0 
-1.0 26.0 21.0 59.0 -1.0 -1.0 
20.0 -1.0 38.0 -1.0 -1.0 -1.0 
-1.0 -1.0 -1.0 72.0 19.0 22.0 
41.0 -1.0 58.0 -1.0 31.0 -1.0 
77.0 -1.0 -1.0 96.0 -1.0 32.0 
78.0 10.0 -1.0 42.0 -1.0 70.0 
-1.0 -1.0 42.0 60.0 -1.0 -1.0 
14.0 -1.0 15.0 -1.0 46.0 15.0 
-1.0 -1.0 -1.0 53.0 17.0 42.0 
92.0 83.0 58.0 42.0 -1.0 -1.0 
-1.0 -1.0 65.0 33.0 -1.0 53.0 
93.0 -1.0 -1.0 -1.0 -1.0 51.0 
-1.0 79.0 -1.0 -1.0 26.0 -1.0 
61.0 33.0 59.0 81.0 13.0 -1.0 
40.0 86.0 51.0 73.0 44.0 72.0 
64.0 -1.0 85.0 44.0 -1.0 36.0 
51.0 -1.0 85.0 42.0 -1.0 75.0 
-1.0 50.0 -1.0 -1.0 70.0 75.0 
-1.0 96.0 62.0 -1.0 60.0 -1.0 
74.0 -1.0 83.0 -1.0 -1.0 -1.0 
81.0 -1.0 -1.0 -1.0 -1.0 20.0 
17.0 -1.0 -1.0 11.0 -1.0 49.0 
38.0 87.0 30.0 68.0 25.0 59.0 
64.0 -1.0 -1.0 -1.0 -1.0 73.0 
33.0 -1.0 -1.0 71.0 60.0 100.0 
54.0 -1.0 -1.0 66.0 36.0 96.0 
46.0 73.0 -1.0 -1.0 46.0 57.0 
-1.0 -1.0 -1.0 12.0 -1.0 26.0 
-1.0 31.0 -1.0 60.0 -1.0 -1.0 
-1.0 25.0 21.0 -1.0 -1.0 -1.0 
-1.0 26.0 -1.0 59.0 65.0 -1.0 
74.0 100.0 13.0 76.0 81.0 -1.0 
-1.0 42.0 30.0 66.0 36.0 87.0 
-1.0 93.0 66.0 98.0 57.0 37.0 
67.0 59.0 73.0 -1.0 52.0 34.0 
-1.0 12.0 80.0 -1.0 -1.0 87.0 
-1.0 52.0 -1.0 97.0 14.0 63.0 
-1.0 -1.0 -1.0 71.0 -1.0 15.0 
-1.0 68.0 63.0 86.0 -1.0 73.0 
37.0 33.0 20.0 89.0 76.0 -1.0 
40.0 13.0 94.0 16.0 86.0 30.0 
-1.0 -1.0 17.0 12.0 65.0 -1.0 
68.0 83.0 73.0 21.0 16.0 -1.0 
-1.0 -1.0 -1.0 -1.0 99.0 58.0 
-1.0 50.0 75.0 95.0 -1.0 21.0 
15.0 -1.0 59.0 -1.0 14.0 82.0 
21.0 54.0 -1.0 48.0 44.0 73.0 
46.0 60.0 21.0 52.0 54.0 -1.0 
61.0 63.0 52.0 32.0 -1.0 57.0 
48.0 -1.0 -1.0 43.0 -1.0 -1.0 
-1.0 17.0 50.0 -1.0 -1.0 91.0 
85.0 63.0 50.0 75.0 35.0 87.0 
-1.0 52.0 99.0 -1.0 -1.0 -1.0 
92.0 32.0 43.0 12.0 61.0 74.0 
92.0 62.0 52.0 82.0 64.0 80.0 
36.0 80.0 -1.0 57.0 -1.0 -1.0 
-1.0 12.0 -1.0 74.0 -1.0 -1.0 
80.0 41.0 98.0 32.0 40.0 38.0 
52.0 21.0 10.0 91.0 66.0 51.0 
-1.0 -1.0 66.0 20.0 -1.0 16.0 
45.0 40.0 40.0 39.0 22.0 97.0 
-1.0 53.0 -1.0 -1.0 65.0 -1.0 
-1.0 -1.0 54.0 87.0 22.0 15.0 
-1.0 -1.0 19.0 40.0 -1.0 -1.0 
41.0 -1.0 88.0 -1.0 -1.0 -1.0 
-1.0 75.0 -1.0 -1.0 -1.0 77.0 
83.0 -1.0 35.0 84.0 68.0 28.0 
23.0 67.0 86.0 41.0 28.0 30.0 
18.0 59.0 29.0 71.0 68.0 -1.0 
17.0 36.0 79.0 73.0 84.0 75.0 
